confusion matrix(svm_test)
[[  0  34  21   0   0   3   0   0   2   0   0   0   0   0   0   0   0   0
    0   0   0   0   0   0   0   0   0   0   0   0   0   0   0   0   0   0
    0   0   0   0   0   0   0]
 [  0 471 196   0   8  37   0   1   3   0   3   0   0   0   0   0   0   0
    0   0   0   0   0   0   0   1   0   0   0   0   0   0   0   0   0   0
    0   0   0   0   0   0   0]
 [  0  14 712   0   1  22   0   0   0   0   1   0   0   0   0   0   0   0
    0   0   0   0   0   0   0   0   0   0   0   0   0   0   0   0   0   0
    0   0   0   0   0   0   0]
 [  0  53 105 191   4  93   0   0   0   1   1   0   1   1   0   0   0   0
    0   0   0   0   0   0   0   0   0   0   0   0   0   0   0   0   0   0
    0   0   0   0   0   0   0]
 [  0   0  24   0 604  13   0   4   7   3   0   0   0   0   0   0   0   0
    0   0   0   0   0   0   0   0   0   0   0   0   0   0   0   4   0   1
    0   0   0   0   0   0   0]
 [  0  49 153   0   4 413   0   3   4   0   3   0   1   0   0   0   0   0
    0   0   0   0   0   0   0   0   0   0   0   0   0   0   0   0   0   0
    0   0   0   0   0   0   0]
 [  0   0   3   0  29  18 100   0   0   0   0   0   0   0   0   0   0   0
    0   0   0   0   0   0   0   0   0   0   0   0   0   0   0   0   0   0
    0   0   0   0   0   0   0]
 [  0   1  29   0   5  32   0 343  36   0   2   0   0   0   0   2   0   0
    0   0   0   0   0   0   0   0   0   0   0   0   0   0   0   0   0   0
    0   0   0   0   0   0   0]
 [  0   0  30   0  10  31   0  16 360   0   1   0   0   0   0   2   0   0
    0   0   0   0   0   0   0   0   0   0   0   0   0   0   0   0   0   0
    0   0   0   0   0   0   0]
 [  0   0   0   0   0   1   0   0   0 424  55   0   0   0   0   0   0   0
    0   0   0   0   0   0   0   0   0   0   0   0   0   0   0   0   0   0
    0   0   0   0   0   0   0]
 [  0   0  14   0   0  11   0   0   1   0 632   1   0   0   0   0   0   0
    0   0   0   0   0   0   0   1   0   0   0   0   0   0   0   0   0   0
    0   0   0   0   0   0   0]
 [  0   0   0   0   0   0   0   0   0   0   0 368   0   0   0   0   0   0
    0   0   0   0   0   0   0  52   0   0   0   0   0   0   0   0   0   0
    0   0   0   0   0   0   0]
 [  0   0   0   0   0   0   0   0   0   0   0   0 690   0   0   0   0   0
    0   0   0   0   0   0   0   0   0   0   0   0   0   0   0   0   0   0
    0   0   0   0   0   0   0]
 [  0   0   0   0   0   0   0   0   0   0   0   0   0 719   0   0   0   0
    0   0   0   0   0   0   0   1   0   0   0   0   0   0   0   0   0   0
    0   0   0   0   0   0   0]
 [  0   7   8   0   2   2   0   0   0   0   1   0   0   0 245   0   0   0
    0   0   0   0   0   0   0   0   0   0   0   0   0   0   0   0   0   0
    0   0   5   0   0   0   0]
 [  0   0   0   0   0   0   0   4   0   1   0   0   1   0   0 202   0   0
    0   0   0   0   0   0   0   0   0   0   0   0   0   0   0   0   0   2
    0   0   0   0   0   0   0]
 [  0   0   5   0   0  14   0   0   0  60  18   0   0   0   0   0  53   0
    0   0   0   0   0   0   0   0   0   0   0   0   0   0   0   0   0   0
    0   0   0   0   0   0   0]
 [  0   0   0   0   0   0   0   0   0   6   0   0   0   0   0   0   0 354
    0   0   0   0   0   0   0   0   0   0   0   0   0   0   0   0   0   0
    0   0   0   0   0   0   0]
 [  0   0   0   0   0   0   0   0   0   0   0   8   0   0   0   0   0   0
  331   0   0   0   0   0   0  50   0   0   0   0   0   1   0   0   0   0
    0   0   0   0   0   0   0]
 [  0   0   0   0   0   0   0   0   0   0   0  45   0   0   0   0   0   0
    0   0   0   0   0   0   0   0   0   0   0   0   0  15   0   0   0   0
    0   0   0   0   0   0   0]
 [  0   0   0   0   0   0   0   0   0   0   0  30   0   0   0   0   0   0
    0   0   0   0   0   0   0  60   0   0   0   0   0   0   0   0   0   0
    0   0   0   0   0   0   0]
 [  0   0   0   0   0   0   0   0   0   0   0  55   0   0   0   0   0   0
    0   0   0   0   0   0   0   6   0   0   0   0   0  29   0   0   0   0
    0   0   0   0   0   0   0]
 [  0   0   0   0   0   0   0   0   0   0   0  12   0   0   0   0   0   0
    0   0   0   0  16   0   0  90   0   0   0   0   0   2   0   0   0   0
    0   0   0   0   0   0   0]
 [  0   0   0   0   0   0   0   0   0   0   0  78   0   0   0   0   0   0
    0   0   0   0   0   0   0  32   0   0   0   0   0  40   0   0   0   0
    0   0   0   0   0   0   0]
 [  0   0   0   0   0   0   0   0   0   0   0  29   0   0   0   0   0   0
   61   0   0   0   0   0   0   0   0   0   0   0   0   0   0   0   0   0
    0   0   0   0   0   0   0]
 [  0   1   0   0   0   0   0   0   0   0   0   1   0   0   0   0   0   0
    0   0   0   0   0   0   0 478   0   0   0   0   0   0   0   0   0   0
    0   0   0   0   0   0   0]
 [  0   0   0   0   0   0   0   0   0   0   0  55   0   0   0   0   0   0
   25   0   0   0   0   0   0 100   0   0   0   0   0   0   0   0   0   0
    0   0   0   0   0   0   0]
 [  0   0   0   0   0   0   0   0   0   0   0   4   0   0   0   0   0   0
   12   0   0   0   0   0   0  44   0   0   0   0   0   0   0   0   0   0
    0   0   0   0   0   0   0]
 [  0   0   0   0   0   0   0   0   0   0   0  90   0   0   0   0   0   0
    0   0   0   0   0   0   0  60   0   0   0   0   0   0   0   0   0   0
    0   0   0   0   0   0   0]
 [  0   0   0   0   0   0   0   0   0   0   0  48   0   0   0   0   0   0
    0   0   0   0   0   0   0  28   0   0   0   0   0  14   0   0   0   0
    0   0   0   0   0   0   0]
 [  0   2   0   0   0   0   0   0   0   0   0  83   0   0   0   0   0   0
    1   0   0   0   0   0   0  53   0   0   0   0   4   6   0   0   0   0
    0   0   1   0   0   0   0]
 [  0   0   0   0   0   0   0   0   0   0   0   5   0   0   0   0   0   0
    0   0   0   0   0   0   0   1   0   0   0   0   0 264   0   0   0   0
    0   0   0   0   0   0   0]
 [  0   0   0   8   9   0   5   0   0   0   0   0   0   0   0   0   0   0
    0   0   0   0   0   0   0   0   0   0   0   0   0   0  32   5   0   1
    0   0   0   0   0   0   0]
 [  0   0   0   0   0   0   0   1   0   0   0   0   0   0   0   0   0   0
    0   0   0   0   0   0   0   0   0   0   0   0   0   0   0 208   0   1
    0   0   0   0   0   0   0]
 [  0   0   1   0   0   0   0   0   0   0   0   0   0   1   0   0   0   0
    0   0   0   0   0   0   0   0   0   0   0   0   0   0   0   0 112   0
    0   0   6   0   0   0   0]
 [  0   3   3   0   0   0   0   0   0   1   0   0   2   0   0   0   0   0
    0   0   0   0   0   0   0   0   0   0   0   0   0   0   0   1   0 380
    0   0   0   0   0   0   0]
 [  0   1   0   0   0   0   0   0   0   0   3   0   0   0   0   0   0   0
    0   0   0   0   0   0   0   0   0   0   0   0   0   0   0   0   0   2
  113   0   1   0   0   0   0]
 [  0  16   3   0   0   0   0   0   0   0   0   0   0   0   0   0   0   0
    0   0   0   0   0   0   0   0   0   0   0   0   0   0   0   0   0  22
    0  19   0   0   0   0   0]
 [  0   0   1   0   0   0   0   2   0   0   0   0   0   0   0   0   0   0
    0   0   0   0   0   0   0   0   0   0   0   0   0   0   0   0   0   0
    0   0 687   0   0   0   0]
 [  0   0   0   0   0   0   0   0   0   0   0   0   0   0   0   0   0   0
    0   0   0   0   0   0   0   0   0   0   0   0   0   0   0   1   0   0
    0   0   0  89   0   0   0]
 [  0   1  15   0   0   1   0   2   0   1   1   0   0   0   0  12   0   0
    0   0   0   0   0   0   0   0   0   0   0   0   0   0   0   0   0   1
    0   0   4   0  52   0   0]
 [  0   0   5   0   0   2   1   0   0  23   4   0   0   0   0   0   0   0
    0   0   0   0   0   0   0   0   0   0   0   0   0   0   0   0   0   0
    0   0   0   0   0  25   0]
 [  0   0   8   0   3   1  49   0   0   5   3   0   0   0   0   0   0   0
    0   0   0   0   0   0   0   0   0   0   0   0   0   0   0   6   0   0
    0   0   0   0   0   7   8]]
    
    
confusion matrix(SVM_train)
[[   0  140   37    0   23    8    0    0    1    0    0    0    0    0
     0    0    0    1    0    0    0    0    0    0    0    0    0    0
     0    0    0    0    0    0    0    0    0    0    0    0    0    0
     0]
 [   0 1664  429    0   15   95    0    4    9    1    1    0    0    1
     0    0    0    0    0    0    0    0    0    0    0    0    0    0
     0    0    0    0    0    0    0    1    0    0    0    0    0    0
     0]
 [   0   29 2079    1    9  110    0    2    3    3   12    0    2    0
     0    0    0    0    0    0    0    0    0    0    0    0    0    0
     0    0    0    0    0    0    0    0    0    0    0    0    0    0
     0]
 [   0  119  237  815   13  218    0    1    1    0    0    0    0    0
     0    1    0    0    1    0    0    0    0    0    0    3    0    0
     0    0    0    0    0    0    0    1    0    0    0    0    0    0
     0]
 [   0   11   81    0 1839   24    0    5   18    0    1    0    0    0
     0    0    0    0    0    0    0    0    0    0    0    0    0    0
     0    0    0    0    0    0    0    0    0    0    1    0    0    0
     0]
 [   0  197  496    7   11 1110    0    3   20    1   11    0    1    1
     0    0    0    0    0    0    0    0    0    0    0    1    0    0
     0    0    0    0    0    0    0    0    0    0    1    0    0    0
     0]
 [   0    3    7    0    2    1  407    0    0    0    0    0    0    0
     0    0    0    0    0    0    0    0    0    0    0    0    0    0
     0    0    0    0    0    0    0    0    0    0    0    0    0    0
     0]
 [   0    2  138    0   13   97    0 1128   41    1   20    0    0    0
     0    0    0    0    0    0    0    0    0    0    0    0    0    0
     0    0    0    0    0    0    0    0    0    0    0    0    0    0
     0]
 [   0    5  173    1   53   82    0  181  904    1   10    0    0    0
     0    0    0    0    0    0    0    0    0    0    0    0    0    0
     0    0    0    0    0    0    0    0    0    0    0    0    0    0
     0]
 [   0    0   21    0    0    3    0    0    0 1375   71    0    0    0
     0    0    0    0    0    0    0    0    0    0    0    0    0    0
     0    0    0    0    0    0    0    0    0    0    0    0    0    0
     0]
 [   0    0   18    0    1   11    0    0    2    8 1970    0    0    0
     0    0    0    0    0    0    0    0    0    0    0    0    0    0
     0    0    0    0    0    0    0    0    0    0    0    0    0    0
     0]
 [   0    0    0    0    0    0    0    0    0    0    0 1215    0    0
     0    0    0    0    0    0    0    0    0    0    0  105    0    0
     0    0    0    0    0    0    0    0    0    0    0    0    0    0
     0]
 [   0    0    0    0    0    0    0    0    0    0    0    0 2099    0
     0    0    0    0    0    0    0    0    0    0    0    0    0    0
     0    0    0    0    0    0    0    0    0    0    1    0    0    0
     0]
 [   0    0    0    0    0    0    0    0    0    0    0    0    1 2159
     0    0    0    0    0    0    0    0    0    0    0    0    0    0
     0    0    0    0    0    0    0    0    0    0    0    0    0    0
     0]
 [   0   12   25    0    4    0    0    0    0   17    3    0    0    0
   717    0    0    0    0    0    0    0    0    0    0    0    0    0
     0    0    0    0    0    0    0    0    0    0    2    0    0    0
     0]
 [   0    0   16    1    8   18    0    6    1    1    0    0    0    2
     0  572    0    0    0    0    0    0    0    0    0    0    0    0
     0    0    0    0    0    0    0    2    0    0    3    0    0    0
     0]
 [   0    0   16    0    0   32    0    0    0  114   65    0    0    0
     0    0  193    0    0    0    0    0    0    0    0    0    0    0
     0    0    0    0    0    0    0    0    0    0    0    0    0    0
     0]
 [   0    0    0    0    0    0    0    0    0    1    0    1    0    0
     0    0    0 1108    0    0    0    0    0    0    0    0    0    0
     0    0    0    0    0    0    0    0    0    0    0    0    0    0
     0]
 [   0    0    0    0    0    0    0    0    0    0    0    5    0    0
     0    0    0    0 1153    0    0    0    0    0    0   41    0    0
     0    0    0    1    0    0    0    0    0    0    0    0    0    0
     0]
 [   0    0    0    0    0    0    0    0    0    0    0  168    0    0
     0    0    0    0    0    0    0    0    0    0    0   11    0    0
     0    0    0   31    0    0    0    0    0    0    0    0    0    0
     0]
 [   0    0    0    0    0    0    0    0    0    0    0  127    1    0
     0    0    0    0    0    0    3    0    0    0    0  229    0    0
     0    0    0    0    0    0    0    0    0    0    0    0    0    0
     0]
 [   0    0    0    0    0    0    0    0    0    0    0  214    0    0
     0    0    0    0    4    0    0    0    0    0    0   11    0    0
     0    0    0  101    0    0    0    0    0    0    0    0    0    0
     0]
 [   0    0    0    0    0    0    0    0    0    0    0   27    0    0
     0    0    0    0    0    0    0    0   94    0    0  260    0    0
     0    0    0    9    0    0    0    0    0    0    0    0    0    0
     0]
 [   0    0    0    0    0    0    0    0    0    0    0  246    0    0
     0    0    0    0    0    0    0    0    0   22    0  218    0    0
     0    0    0   24    0    0    0    0    0    0    0    0    0    0
     0]
 [   0    0    0    0    0    0    0    0    0    0    0  114    0    0
     0    0    0    0  149    0    0    0    0    0    0    7    0    0
     0    0    0    0    0    0    0    0    0    0    0    0    0    0
     0]
 [   0    0    0    0    0    0    0    0    0    0    0    5    0    0
     0    0    0    0    0    0    0    0    0    0    0 1495    0    0
     0    0    0    0    0    0    0    0    0    0    0    0    0    0
     0]
 [   0    0    0    0    0    0    0    0    0    0    0  246    1    1
     0    0    0    0  106    0    0    0    0    0    0  246    0    0
     0    0    0    0    0    0    0    0    0    0    0    0    0    0
     0]
 [   0    0    0    0    0    0    0    0    0    0    0   42    0    0
     0    0    0    0   87    0    0    0    0    0    0  110    0    0
     0    0    0    1    0    0    0    0    0    0    0    0    0    0
     0]
 [   0    0    0    0    0    0    0    0    0    0    0  380    0    0
     0    0    0    0    3    0    0    0    0    0    0  157    0    0
     0    0    0    0    0    0    0    0    0    0    0    0    0    0
     0]
 [   0    0    0    0    0    0    0    0    0    0    0   68    0    0
     0    0    0    0    0    0    0    0    0    0    0  179    0    0
     0    0    0   23    0    0    0    0    0    0    0    0    0    0
     0]
 [   0    0    0    0    0    0    0    0    0    0    0  193    0    0
     0    0    0    0    0    0    0    0    0    0    0  171    0    0
     0    0   76   10    0    0    0    0    0    0    0    0    0    0
     0]
 [   0    0    0    0    0    0    0    0    0    0    0    7    0    0
     0    0    0    0    1    0    0    0    0    0    0    1    0    0
     0    0    0  771    0    0    0    0    0    0    0    0    0    0
     0]
 [   0    0    0    3    0    0    1    0    0   22    0    0    0    0
     0    5    0    0    0    0    0    0    0    0    0    0    0    0
     0    0    0    0  196    0    0    0    0    0    0    0    0   13
     0]
 [   0    0    1    0   10    2    0    2    0    1    0    0    0    0
     0    0    0    0    0    0    0    0    0    0    0    0    0    0
     0    0    0    0    0  669    0    4    0    0    0    0    0    0
     0]
 [   0    0   22    0    2    0    0    0    0    6    9    0    1    0
     0    0    0    0    0    0    0    0    0    0    0    0    0    0
     0    0    0    0    0    0  356    3    0    0   21    0    0    0
     0]
 [   0    0    2    0    0    0    0    0    0    0    0    0    0    0
     0    0    0    0    0    0    0    0    0    0    0    0    0    0
     0    0    0    0    0    0    0 1198    0    0    0    0    0    0
     0]
 [   0    0    0    0    0    0    0    0    0    0    5    0    0    0
     0    0    0    0    0    0    0    0    0    0    0    0    0    0
     0    0    0    0    0    0    0    3  380    0    2    0    0    0
     0]
 [   0   21   12    0    0    0    0    0    0    0    0    0    0    0
     0    0    0    0    0    0    0    0    0    0    0    0    0    0
     0    0    0    0    0    0    0   30    0  137   10    0    0    0
     0]
 [   0   19   12    1    0    2    0    0    0    0    0    0    2    0
     0    0    0    0    0    0    0    0    0    0    0    1    0    0
     0    0    0    0    0    0    0    0    0    0 2033    0    0    0
     0]
 [   0    1   31    2    0    1    0    0    1    0    0    0    1    0
     0    0    0    0    0    0    0    0    0    0    0    1    0    0
     0    0    0    0    0    1    0    0    0    0    0  261    0    0
     0]
 [   0   19   42    0    5    0    0    2    0   13   46    0    4    0
     0   26    0    0    0    0    0    0    0    0    0    0    0    0
     0    0    0    0    0    2    0    0    0    0    6    0  195    0
     0]
 [   0    0    1    0    1    0    5    0    0   27    0    0    0    0
     0    0    0    0    0    0    0    0    0    0    0    0    0    0
     0    0    0    0    0    1    0    0    0    0    0    0    0  205
     0]
 [   0    0    5    0   11    2   77    1    0    6   19    0    0    0
     0    0    0    1    0    0    0    0    0    0    0    0    0    0
     0    0    0    0    0    1    0    0    0    0    4    0    0    2
   111]]
   
   
   CM(bcnn test)
   [[ 32.   5.   0.   0.   0.   0.   0.   0.   0.   0.   0.   0.   1.   0.
    0.   0.   0.   0.   0.   0.   0.   0.   0.   0.   0.   0.   0.   0.
    0.   0.   0.   0.   0.   0.   0.   0.   0.   0.   0.   0.   0.   0.
    0.]
 [  4. 590.   0.   1.   5.   0.   1.   1.   0.   4.   0.   0.   5.   0.
    0.   0.   0.   0.   0.   0.   0.   0.   0.   1.   0.   0.   0.   0.
    0.   0.   0.   0.   0.   0.   6.   0.   0.   0.   2.   0.   3.   0.
    0.]
 [  0.   0. 612.   0.   0.   1.   1.   0.   0.   0.   1.   0.   0.   0.
    0.   0.   0.   0.   0.   0.   0.   0.   0.   0.   6.   0.   0.   0.
    0.   0.   0.   0.   0.   0.   0.   0.   0.   0.   3.   0.   6.   0.
    7.]
 [  0.   0.   0. 360.   6.   0.   0.   0.   0.   0.   3.   0.   0.   2.
    0.   0.   1.   1.  10.   0.   0.   2.   0.   0.   3.   0.   0.   0.
    0.   0.   0.   0.   0.   0.   0.   0.   0.   0.   0.   0.   0.   0.
    0.]
 [  0.   0.   0.   0. 621.   1.   0.   0.   0.   3.   0.   0.   0.   1.
   12.   0.   0.   0.   0.   0.   0.   0.   0.   0.   0.   0.   0.   0.
    0.   0.   0.   0.   0.   0.   0.   0.   0.   0.   0.   0.   0.   0.
    0.]
 [  0.   1.   0.   0.   0. 700.   0.   4.   0.   0.   0.   0.   0.   0.
    0.   0.   0.   1.   0.   0.   0.   0.   0.   1.   1.   0.   0.   0.
    0.   2.   0.   0.   9.   0.   2.   0.   0.   0.   3.   0.   0.  12.
    1.]
 [  0.   0.   0.   0.   0.   0. 245.   0.   0.   0.   0.   0.   0.   0.
    0.   0.   0.   0.   0.   0.   0.   0.   0.   0.   0.   0.   0.   0.
    0.   0.   0.   0.   0.   0.   0.   0.   0.   0.   0.   0.   0.   0.
    0.]
 [  0.   0.   0.   0.   0.   1.   0. 181.   0.   0.   0.   0.   0.   0.
    0.   0.   0.   0.   0.   0.   0.   0.   0.   1.   0.   0.   0.   0.
    0.   0.   0.   0.   0.   0.   2.   0.   0.   0.   0.   0.   0.   0.
    0.]
 [  0.   0.   0.   0.   0.   0.   0.   0. 135.   0.   0.   0.   0.   0.
    0.   0.   0.   0.   0.   0.   0.   0.   0.   0.   0.   0.   0.   0.
    0.   0.   0.   0.   0.   0.   0.   0.   0.   1.   0.   0.   0.   2.
    2.]
 [  0.   0.   0.   0.   0.   0.   6.   0.   0. 325.   1.   0.   0.   0.
    0.   0.   0.   0.   0.   1.   0.   0.   0.   0.   0.   0.   0.   0.
    0.   0.   0.   0.   0.   0.   0.   0.   0.   0.   0.   0.   0.   0.
    0.]
 [  0.   0.   0.   2.   0.   0.   0.   0.   0.   8. 258.   0.   0.   0.
    0.   4.   0.   0.   3.  24.   3.   0.   1.   0.   1.   0.   0.   0.
    0.   0.   0.   0.   2.   0.   0.   0.   0.   0.   0.   0.   0.   0.
    0.]
 [  0.   0.   0.   3.   0.   0.   0.   0.   0.   0.   5.  59.   0.   0.
    0.   0.  37.  11.  18.   2.   0.   0.   0.   0.   1.   4.   0.   0.
    0.   0.   0.   0.   0.   0.   1.   0.   0.   0.   0.   0.   0.   0.
    0.]
 [  0.  29.   1.   0.   2.   1.   2.   0.   0.   4.   0.   0. 672.   0.
    0.   0.   0.   0.   1.   0.   0.   0.   0.   0.   0.   0.   0.   0.
    0.   0.   0.   0.   0.   0.   8.  21.   0.   0.  64.   0.   4.   2.
    0.]
 [  0.   0.   0.   1.   0.   1.   0.   0.   0.   0.   6.   0.   0.  48.
    0.   3.   0.   1.   0.   5.   0.   1.   0.   0.  11.   1.   0.   0.
    0.   0.   0.   0.   0.   0.   0.   0.   0.   0.   0.   0.   0.   0.
    0.]
 [  0.   0.   0.   3.   0.   0.   0.   0.   0.   0.   0.   0.   0.   0.
   41.   0.   0.   1.   1.   0.   5.   0.   0.   0.   0.   0.   0.   0.
    0.   0.   0.   0.   0.   0.   0.   0.   0.   0.   0.   0.   0.   0.
    0.]
 [  0.   0.   0.   0.   0.   0.   0.   0.   0.   0.   2.   0.   0.   0.
    0. 110.   0.   0.   1.   7.   0.   0.   9.   0.   0.   0.   0.   0.
    0.   0.   0.   0.   0.   0.   0.   0.   0.   0.   0.   0.   0.   0.
    0.]
 [  0.   0.   0.  16.   1.   0.   0.   0.   0.   0.   0.   0.   0.  17.
    0.   0.  98.   1.   0.   0.   0.   7.   0.   0.  14.   0.   0.   0.
    0.   0.   0.   0.   0.   0.   0.   0.   0.   0.   0.   0.   0.   0.
    0.]
 [  0.   1.   0.  14.   0.   0.   0.   0.   0.   0.   3.   1.   0.   5.
    0.   2.   0.  38.   5.   0.   1.   8.   4.   0.   3.   0.   0.   0.
    0.   0.   0.   0.   0.   0.   0.   0.   0.   0.   0.   0.   0.   0.
    0.]
 [  0.   2.  13.   7.   2.   0.   1.   0.   0.   0.  23.   0.   0.   0.
    0.   0.   1.   7. 416.  11.   2.   3.   4.   0.  17.   2.   0.   0.
    0.   0.   0.   0.   0.   0.   1.   0.   0.   0.   2.   0.   0.   0.
    0.]
 [  0.   0.   0.   0.   0.   0.   0.   0.   0.   0.  14.   0.   0.   0.
    0.   0.   0.   0.   0. 119.   0.   0.   0.   0.   0.   0.   0.   0.
    0.   0.   0.   0.   0.   0.   0.   0.   0.   0.   0.   0.   0.   0.
    0.]
 [  0.   0.   0.   0.   0.   0.   0.   0.   0.   0.   9.   0.   0.   0.
    0.   0.   0.   0.   0.   3.  49.   0.   2.   0.   0.   0.   0.   0.
    0.   0.   0.   0.   0.   0.   0.   0.   0.   0.   0.   0.   0.   0.
    0.]
 [  0.   1.   0.   1.   0.   0.   0.   0.   0.   5.  22.   0.   0.   6.
    0.   1.   2.   0.   0.   1.   0.  99.   1.   0.   4.   1.   0.   0.
    0.   0.   0.   0.   0.   0.   0.   0.   0.   0.   0.   0.   0.   0.
    0.]
 [  0.   1.   1.   3.   2.   0.   6.   0.   0.   1.   3.   0.   0.   6.
    0.   0.   4.   6.  12.   0.   0.  26.  69.   0.   0.   5.   0.   0.
    0.   0.   0.   0.   0.   0.   0.   0.   0.   0.   0.   0.   0.   1.
    0.]
 [  0.   3.  13.   0.   0.   2.   0.   1.   2.   0.   0.   0.  10.   0.
    0.   0.   0.   0.   0.   0.   0.   0.   0. 396.   3.   0.   0.   1.
    0.   0.   0.   0.   0.   1.   8.   1.   0.   0.  48.   4.  14.   7.
   15.]
 [  0.   0.   0.   2.   0.   0.   0.   0.   0.   0.   8.   0.   0.   0.
    0.   0.   2.   0.   6.   0.   0.   1.   0.   0.  58.   0.   0.   0.
    0.   0.   0.   0.   0.   0.   0.   0.   0.   0.   0.   0.   0.   0.
    0.]
 [  0.   0.   4.   6.   0.   0.   3.   0.   0.   0.  17.   0.   0.   3.
   31.   0.   3.   0.   1.   0.   0.   1.   0.   0.  20. 248.   0.   0.
    0.   0.   0.   0.   0.   0.   1.   0.   0.   0.   8.   0.   0.   0.
    0.]
 [  0.   0.   0.   0.  19.   7.   0.   0.   0.   0.   1.   0.   0.   0.
    0.   0.   0.   0.   0.   0.   0.   0.   0.   1.   0.   0.  59.   0.
    0.   3.   6.   0.  10.   1.   0.   1.   0.   1.   0.   1.   1.   0.
    0.]
 [  0.   0.   0.   0.   1.   0.   0.   0.   0.   0.   0.   0.   0.   0.
    0.   0.   0.   1.   0.   0.   0.   0.   0.   0.   0.   0.   0. 167.
    0.   0.   0.   5.   2.   0.   0.   2.   0.   0.   0.   0.   0.   0.
    0.]
 [  0.   0.   0.   0.   0.   0.   0.   0.   0.   0.   3.   0.   0.   0.
    0.   0.   0.   0.   0.   0.   0.   0.   0.   0.   0.   0.   0.   0.
   86.   0.   0.   1.   3.   0.   0.   0.   0.   0.   0.   0.   0.   0.
    0.]
 [  0.   0.   0.   0.   0.   4.   0.   1.   0.   0.   0.   0.   0.   0.
    0.   0.   0.   3.   0.   0.   0.   0.   0.   0.   0.   0.   0.  12.
    6. 379.   1.   4.   3.   0.   0.   1.   0.   0.   0.   4.   0.   1.
    0.]
 [  0.   0.   0.   0.   0.   0.   0.   0.   0.   0.   0.   0.   0.   0.
    0.   0.   0.   8.   0.   1.   0.   0.   0.   0.   0.   0.   0.   1.
    0.   0. 109.   0.   0.   0.   0.   0.   0.   0.   0.   0.   0.   0.
    1.]
 [  0.   0.   0.   0.   1.   0.   0.   0.   0.   0.   0.   0.   1.   0.
    0.   0.   0.   0.   0.   0.   0.   0.   0.   0.   0.   0.   0.   0.
    0.   0.   1.  29.   0.   0.   0.   3.   0.   0.   0.   0.   0.   0.
    0.]
 [  0.   0.   0.   0.   0.   0.   0.   0.   0.   5.   0.   0.   0.   1.
    0.   0.   0.   1.   0.   0.   0.   0.   0.   0.   0.   0.   0.   0.
   27.   0.   1.   1. 622.   0.   0.   0.   0.   0.   0.   2.   0.   0.
    0.]
 [  0.   0.   0.   0.   6.   0.   0.   0.   0.   0.   0.   0.   0.   0.
    0.   0.   0.   6.   4.   0.   0.   0.   0.   0.   0.   0.   0.  21.
    1.   1.   1.  20.   0.  87.   0.   5.   0.   0.   0.  13.   0.   0.
    7.]
 [ 20.  66.   5.   0.   2.   2.   0.  21.   1.   2.   7.   0.  47.   0.
    0.   0.   0.   1.   2.   6.   0.   0.   0.   3.   2.   3.   0.   0.
    0.   1.   0.   0.   1.   1. 625.   0.   0.   0.  37.   2.   9.  13.
    0.]
 [  0.   0.   0.   0.  11.   0.   0.   0.   0.   3.   0.   0.   0.   0.
    4.   0.   0.   3.   0.   0.   0.   0.   0.   0.   1.   0.   1.   8.
    0.   0.   0.   0.  35.   0.   0.  35.   0.   0.   0.   0.   0.   0.
    0.]
 [  0.   0.   1.   0.   1.   0.   0.   0.   0.   0.   0.   0.   0.   0.
    1.   0.   0.   0.   0.   0.   0.   0.   0.   0.   0.   0.   0.   0.
    0.   0.   1.   0.   0.   0.   0.   0.  43.   9.   0.   0.   0.   0.
    0.]
 [  0.   0.   4.   0.   8.   0.   0.   0.   0.   0.   0.   0.   0.   0.
    0.   0.   0.   0.   0.   0.   0.   0.   0.   0.   0.   0.   0.   0.
    0.   1.   0.   0.   1.   0.   0.  21.  11.  79.   0.   8.   0.   0.
    0.]
 [  0.  16.   1.   0.   0.   0.   0.   0.   1.   0.   0.   0.   8.   0.
    0.   0.   0.   0.   0.   0.   0.   0.   0.  39.   0.   2.   0.   0.
    0.   0.   0.   0.   0.   0.   0.   0.   0.   0. 412.  10.  13.   5.
    0.]
 [  0.   0.   0.   0.   1.   0.   0.   0.   0.   0.   0.   0.   0.   0.
    1.   0.   0.   0.   0.   0.   0.   0.   0.   0.   0.   2.   0.   0.
    0.   3.   0.   0.   0.   0.   0.   0.   0.   0.   0. 106.   0.   0.
    0.]
 [  4.   2.   2.   0.   1.   0.   3.   0.   2.   0.   4.   0.   6.   0.
    0.   0.   0.   0.   0.   0.   0.   0.   0.   6.   1.   0.   0.   0.
    0.   0.   0.   0.   0.   0.   1.   0.   0.   0.  49.   0. 393.  39.
    0.]
 [  0.   3.   2.   0.   0.   0.   2.   0.   0.   0.   0.   0.   0.   0.
    0.   0.   0.   0.   0.   0.   0.   0.   0.   0.   4.   2.   0.   0.
    0.   0.   0.   0.   2.   0.   4.   0.   0.   0.   2.   0.   7. 368.
    0.]
 [  0.   0.   1.   1.   0.   0.   0.   1.   9.   0.   0.   0.   0.   1.
    0.   0.   2.   0.   0.   0.   0.   2.   0.   2.   0.   0.   0.   0.
    0.   0.   0.   0.   0.   0.   1.   0.   6.   0.   0.   0.   0.   0.
  447.]]
  
  cm(bcnn train)
  [[1.950e+02 3.000e+00 0.000e+00 0.000e+00 0.000e+00 0.000e+00 0.000e+00
  0.000e+00 0.000e+00 0.000e+00 0.000e+00 0.000e+00 0.000e+00 0.000e+00
  0.000e+00 0.000e+00 0.000e+00 0.000e+00 0.000e+00 0.000e+00 0.000e+00
  0.000e+00 0.000e+00 0.000e+00 0.000e+00 0.000e+00 0.000e+00 0.000e+00
  0.000e+00 0.000e+00 0.000e+00 0.000e+00 0.000e+00 0.000e+00 0.000e+00
  0.000e+00 0.000e+00 0.000e+00 0.000e+00 0.000e+00 0.000e+00 1.000e+00
  0.000e+00]
 [1.000e+00 1.959e+03 0.000e+00 0.000e+00 0.000e+00 2.000e+00 0.000e+00
  1.000e+00 0.000e+00 0.000e+00 0.000e+00 0.000e+00 6.000e+00 0.000e+00
  0.000e+00 0.000e+00 0.000e+00 0.000e+00 0.000e+00 0.000e+00 0.000e+00
  0.000e+00 0.000e+00 1.000e+00 0.000e+00 0.000e+00 0.000e+00 0.000e+00
  0.000e+00 0.000e+00 0.000e+00 0.000e+00 0.000e+00 0.000e+00 0.000e+00
  1.000e+00 0.000e+00 0.000e+00 3.000e+00 0.000e+00 1.000e+00 1.000e+00
  1.000e+00]
 [0.000e+00 0.000e+00 1.940e+03 1.000e+00 6.000e+00 0.000e+00 0.000e+00
  0.000e+00 0.000e+00 0.000e+00 0.000e+00 0.000e+00 0.000e+00 0.000e+00
  0.000e+00 0.000e+00 0.000e+00 0.000e+00 0.000e+00 0.000e+00 0.000e+00
  0.000e+00 0.000e+00 0.000e+00 2.000e+00 0.000e+00 0.000e+00 0.000e+00
  0.000e+00 0.000e+00 0.000e+00 0.000e+00 0.000e+00 0.000e+00 0.000e+00
  0.000e+00 0.000e+00 0.000e+00 2.000e+00 0.000e+00 0.000e+00 0.000e+00
  4.000e+00]
 [0.000e+00 0.000e+00 3.000e+00 1.256e+03 0.000e+00 0.000e+00 0.000e+00
  0.000e+00 0.000e+00 0.000e+00 2.000e+00 0.000e+00 0.000e+00 0.000e+00
  1.000e+00 0.000e+00 0.000e+00 0.000e+00 0.000e+00 0.000e+00 0.000e+00
  0.000e+00 0.000e+00 1.000e+00 6.000e+00 0.000e+00 0.000e+00 0.000e+00
  0.000e+00 0.000e+00 0.000e+00 0.000e+00 0.000e+00 0.000e+00 0.000e+00
  0.000e+00 0.000e+00 0.000e+00 0.000e+00 0.000e+00 0.000e+00 0.000e+00
  1.000e+00]
 [0.000e+00 0.000e+00 1.000e+00 0.000e+00 2.083e+03 0.000e+00 0.000e+00
  0.000e+00 0.000e+00 1.000e+00 0.000e+00 0.000e+00 0.000e+00 0.000e+00
  0.000e+00 0.000e+00 0.000e+00 0.000e+00 0.000e+00 0.000e+00 0.000e+00
  0.000e+00 0.000e+00 1.000e+00 0.000e+00 0.000e+00 0.000e+00 0.000e+00
  0.000e+00 0.000e+00 0.000e+00 0.000e+00 0.000e+00 0.000e+00 0.000e+00
  0.000e+00 0.000e+00 1.000e+00 0.000e+00 1.000e+00 0.000e+00 0.000e+00
  0.000e+00]
 [0.000e+00 0.000e+00 1.000e+00 2.000e+00 0.000e+00 2.145e+03 3.000e+00
  3.000e+00 0.000e+00 0.000e+00 0.000e+00 0.000e+00 2.000e+00 1.000e+01
  0.000e+00 0.000e+00 0.000e+00 0.000e+00 0.000e+00 0.000e+00 0.000e+00
  0.000e+00 1.000e+00 3.000e+00 0.000e+00 0.000e+00 0.000e+00 0.000e+00
  0.000e+00 0.000e+00 0.000e+00 0.000e+00 1.000e+00 0.000e+00 0.000e+00
  0.000e+00 0.000e+00 0.000e+00 4.000e+00 0.000e+00 1.000e+00 1.000e+00
  3.000e+00]
 [0.000e+00 0.000e+00 1.000e+00 0.000e+00 0.000e+00 0.000e+00 7.660e+02
  0.000e+00 0.000e+00 1.000e+00 0.000e+00 0.000e+00 0.000e+00 0.000e+00
  0.000e+00 0.000e+00 0.000e+00 0.000e+00 0.000e+00 0.000e+00 0.000e+00
  0.000e+00 0.000e+00 0.000e+00 0.000e+00 0.000e+00 0.000e+00 0.000e+00
  0.000e+00 0.000e+00 0.000e+00 0.000e+00 0.000e+00 0.000e+00 0.000e+00
  0.000e+00 0.000e+00 0.000e+00 0.000e+00 0.000e+00 0.000e+00 0.000e+00
  0.000e+00]
 [0.000e+00 0.000e+00 0.000e+00 0.000e+00 0.000e+00 0.000e+00 0.000e+00
  6.090e+02 0.000e+00 0.000e+00 0.000e+00 0.000e+00 0.000e+00 0.000e+00
  0.000e+00 0.000e+00 0.000e+00 0.000e+00 0.000e+00 0.000e+00 0.000e+00
  0.000e+00 0.000e+00 1.000e+00 0.000e+00 0.000e+00 0.000e+00 0.000e+00
  0.000e+00 0.000e+00 0.000e+00 0.000e+00 0.000e+00 0.000e+00 0.000e+00
  0.000e+00 0.000e+00 0.000e+00 0.000e+00 0.000e+00 0.000e+00 0.000e+00
  2.000e+00]
  
  
 CM(imcnn test)
 
 
 
 
 CM(imcnn train)
 
 
  
 [0.000e+00 0.000e+00 1.000e+00 0.000e+00 0.000e+00 0.000e+00 0.000e+00
  0.000e+00 3.900e+02 0.000e+00 0.000e+00 0.000e+00 0.000e+00 0.000e+00
  0.000e+00 0.000e+00 0.000e+00 0.000e+00 0.000e+00 0.000e+00 0.000e+00
  0.000e+00 0.000e+00 0.000e+00 0.000e+00 0.000e+00 0.000e+00 0.000e+00
  0.000e+00 0.000e+00 0.000e+00 0.000e+00 0.000e+00 0.000e+00 0.000e+00
  0.000e+00 0.000e+00 0.000e+00 0.000e+00 0.000e+00 0.000e+00 0.000e+00
  0.000e+00]
 [0.000e+00 0.000e+00 1.000e+00 0.000e+00 0.000e+00 0.000e+00 4.000e+00
  0.000e+00 0.000e+00 1.091e+03 0.000e+00 0.000e+00 0.000e+00 0.000e+00
  0.000e+00 0.000e+00 0.000e+00 0.000e+00 0.000e+00 1.000e+00 0.000e+00
  0.000e+00 0.000e+00 1.000e+00 1.000e+00 0.000e+00 0.000e+00 0.000e+00
  0.000e+00 0.000e+00 0.000e+00 0.000e+00 0.000e+00 0.000e+00 0.000e+00
  0.000e+00 0.000e+00 0.000e+00 0.000e+00 0.000e+00 0.000e+00 0.000e+00
  0.000e+00]
 [0.000e+00 0.000e+00 0.000e+00 2.000e+00 0.000e+00 1.000e+00 0.000e+00
  1.000e+00 0.000e+00 0.000e+00 1.160e+03 0.000e+00 0.000e+00 1.000e+00
  0.000e+00 0.000e+00 0.000e+00 0.000e+00 0.000e+00 5.500e+01 1.000e+00
  0.000e+00 1.000e+00 0.000e+00 0.000e+00 0.000e+00 0.000e+00 0.000e+00
  0.000e+00 0.000e+00 0.000e+00 0.000e+00 0.000e+00 0.000e+00 0.000e+00
  0.000e+00 0.000e+00 0.000e+00 0.000e+00 0.000e+00 0.000e+00 0.000e+00
  1.000e+00]
 [0.000e+00 0.000e+00 1.000e+00 1.800e+01 3.000e+00 0.000e+00 0.000e+00
  0.000e+00 0.000e+00 0.000e+00 1.200e+01 1.970e+02 0.000e+00 1.000e+00
  2.000e+00 0.000e+00 1.100e+01 0.000e+00 0.000e+00 1.000e+00 0.000e+00
  0.000e+00 0.000e+00 0.000e+00 1.000e+00 5.000e+00 0.000e+00 0.000e+00
  0.000e+00 0.000e+00 0.000e+00 0.000e+00 0.000e+00 0.000e+00 0.000e+00
  0.000e+00 0.000e+00 0.000e+00 0.000e+00 0.000e+00 0.000e+00 0.000e+00
  0.000e+00]
 [0.000e+00 3.500e+01 4.000e+00 0.000e+00 0.000e+00 2.000e+00 0.000e+00
  0.000e+00 0.000e+00 0.000e+00 0.000e+00 0.000e+00 2.074e+03 1.000e+00
  0.000e+00 0.000e+00 0.000e+00 0.000e+00 0.000e+00 0.000e+00 0.000e+00
  0.000e+00 0.000e+00 0.000e+00 0.000e+00 0.000e+00 0.000e+00 0.000e+00
  0.000e+00 0.000e+00 0.000e+00 0.000e+00 0.000e+00 0.000e+00 1.000e+00
  0.000e+00 0.000e+00 0.000e+00 2.900e+01 0.000e+00 3.000e+00 1.000e+00
  3.000e+00]
 [0.000e+00 0.000e+00 0.000e+00 0.000e+00 0.000e+00 0.000e+00 0.000e+00
  0.000e+00 0.000e+00 0.000e+00 1.000e+00 0.000e+00 0.000e+00 2.990e+02
  0.000e+00 0.000e+00 0.000e+00 1.000e+00 3.000e+00 1.000e+00 1.000e+00
  0.000e+00 0.000e+00 0.000e+00 0.000e+00 0.000e+00 0.000e+00 0.000e+00
  0.000e+00 0.000e+00 0.000e+00 0.000e+00 0.000e+00 0.000e+00 0.000e+00
  0.000e+00 0.000e+00 0.000e+00 0.000e+00 0.000e+00 0.000e+00 0.000e+00
  0.000e+00]
 [1.000e+00 0.000e+00 0.000e+00 1.000e+00 0.000e+00 0.000e+00 0.000e+00
  0.000e+00 0.000e+00 0.000e+00 0.000e+00 0.000e+00 0.000e+00 0.000e+00
  2.950e+02 0.000e+00 0.000e+00 0.000e+00 0.000e+00 0.000e+00 0.000e+00
  0.000e+00 0.000e+00 0.000e+00 0.000e+00 0.000e+00 0.000e+00 0.000e+00
  0.000e+00 0.000e+00 0.000e+00 0.000e+00 0.000e+00 0.000e+00 0.000e+00
  0.000e+00 0.000e+00 0.000e+00 0.000e+00 0.000e+00 0.000e+00 0.000e+00
  0.000e+00]
 [0.000e+00 0.000e+00 0.000e+00 0.000e+00 0.000e+00 0.000e+00 0.000e+00
  1.000e+00 0.000e+00 1.000e+00 0.000e+00 0.000e+00 0.000e+00 0.000e+00
  0.000e+00 3.870e+02 0.000e+00 0.000e+00 0.000e+00 2.000e+00 0.000e+00
  0.000e+00 0.000e+00 0.000e+00 0.000e+00 0.000e+00 0.000e+00 0.000e+00
  0.000e+00 0.000e+00 0.000e+00 0.000e+00 0.000e+00 0.000e+00 0.000e+00
  0.000e+00 0.000e+00 0.000e+00 0.000e+00 0.000e+00 0.000e+00 0.000e+00
  0.000e+00]
 [0.000e+00 0.000e+00 0.000e+00 2.000e+00 0.000e+00 0.000e+00 0.000e+00
  0.000e+00 0.000e+00 0.000e+00 0.000e+00 1.000e+00 0.000e+00 6.000e+00
  0.000e+00 0.000e+00 4.820e+02 0.000e+00 0.000e+00 1.000e+00 0.000e+00
  4.000e+00 0.000e+00 0.000e+00 1.400e+01 0.000e+00 0.000e+00 0.000e+00
  0.000e+00 0.000e+00 0.000e+00 0.000e+00 0.000e+00 0.000e+00 0.000e+00
  0.000e+00 0.000e+00 0.000e+00 0.000e+00 0.000e+00 0.000e+00 0.000e+00
  0.000e+00]
 [0.000e+00 0.000e+00 0.000e+00 4.000e+00 0.000e+00 0.000e+00 0.000e+00
  0.000e+00 0.000e+00 0.000e+00 9.000e+00 1.000e+00 1.000e+00 5.000e+00
  2.000e+00 0.000e+00 0.000e+00 2.580e+02 0.000e+00 0.000e+00 2.300e+01
  2.000e+00 0.000e+00 0.000e+00 6.000e+00 0.000e+00 0.000e+00 0.000e+00
  0.000e+00 0.000e+00 0.000e+00 0.000e+00 0.000e+00 0.000e+00 0.000e+00
  0.000e+00 0.000e+00 0.000e+00 1.000e+00 0.000e+00 0.000e+00 0.000e+00
  0.000e+00]
 [0.000e+00 0.000e+00 5.000e+00 6.000e+00 0.000e+00 0.000e+00 0.000e+00
  0.000e+00 0.000e+00 0.000e+00 2.000e+00 0.000e+00 0.000e+00 1.600e+01
  1.000e+00 2.000e+00 0.000e+00 0.000e+00 1.486e+03 3.000e+00 0.000e+00
  3.000e+00 0.000e+00 0.000e+00 1.200e+01 3.000e+00 0.000e+00 0.000e+00
  0.000e+00 0.000e+00 0.000e+00 0.000e+00 0.000e+00 0.000e+00 0.000e+00
  0.000e+00 0.000e+00 0.000e+00 1.000e+00 0.000e+00 0.000e+00 0.000e+00
  1.000e+00]
 [0.000e+00 0.000e+00 2.000e+00 0.000e+00 0.000e+00 0.000e+00 0.000e+00
  0.000e+00 0.000e+00 1.000e+00 1.000e+00 0.000e+00 0.000e+00 0.000e+00
  0.000e+00 0.000e+00 0.000e+00 0.000e+00 0.000e+00 5.210e+02 0.000e+00
  0.000e+00 0.000e+00 0.000e+00 0.000e+00 0.000e+00 0.000e+00 0.000e+00
  0.000e+00 0.000e+00 0.000e+00 0.000e+00 0.000e+00 0.000e+00 0.000e+00
  0.000e+00 0.000e+00 0.000e+00 0.000e+00 0.000e+00 0.000e+00 0.000e+00
  0.000e+00]
 [0.000e+00 0.000e+00 0.000e+00 0.000e+00 0.000e+00 0.000e+00 0.000e+00
  0.000e+00 0.000e+00 0.000e+00 1.000e+00 0.000e+00 0.000e+00 0.000e+00
  0.000e+00 0.000e+00 0.000e+00 0.000e+00 0.000e+00 3.000e+00 2.150e+02
  0.000e+00 0.000e+00 0.000e+00 0.000e+00 0.000e+00 0.000e+00 0.000e+00
  0.000e+00 0.000e+00 0.000e+00 0.000e+00 0.000e+00 0.000e+00 0.000e+00
  0.000e+00 0.000e+00 0.000e+00 0.000e+00 0.000e+00 0.000e+00 0.000e+00
  0.000e+00]
 [0.000e+00 0.000e+00 0.000e+00 5.000e+00 0.000e+00 0.000e+00 0.000e+00
  0.000e+00 0.000e+00 1.000e+00 1.000e+00 0.000e+00 0.000e+00 4.000e+00
  0.000e+00 0.000e+00 4.000e+00 0.000e+00 1.000e+00 0.000e+00 0.000e+00
  5.150e+02 0.000e+00 0.000e+00 6.000e+00 1.000e+00 0.000e+00 0.000e+00
  0.000e+00 0.000e+00 0.000e+00 0.000e+00 0.000e+00 0.000e+00 0.000e+00
  0.000e+00 0.000e+00 0.000e+00 1.000e+00 0.000e+00 0.000e+00 0.000e+00
  0.000e+00]
 [0.000e+00 1.000e+00 0.000e+00 3.000e+00 0.000e+00 0.000e+00 0.000e+00
  0.000e+00 0.000e+00 1.000e+00 1.000e+00 4.000e+00 0.000e+00 6.000e+00
  0.000e+00 1.000e+00 6.000e+00 1.000e+00 4.000e+00 2.000e+00 0.000e+00
  1.200e+01 2.640e+02 0.000e+00 0.000e+00 1.000e+00 0.000e+00 0.000e+00
  0.000e+00 0.000e+00 0.000e+00 0.000e+00 0.000e+00 0.000e+00 0.000e+00
  0.000e+00 0.000e+00 0.000e+00 2.000e+00 0.000e+00 1.000e+00 0.000e+00
  0.000e+00]
 [0.000e+00 1.200e+01 1.900e+01 0.000e+00 0.000e+00 2.000e+00 1.000e+00
  2.000e+00 5.000e+00 2.000e+00 1.000e+00 0.000e+00 4.200e+01 0.000e+00
  0.000e+00 0.000e+00 0.000e+00 0.000e+00 1.000e+00 0.000e+00 0.000e+00
  1.000e+00 0.000e+00 1.383e+03 0.000e+00 0.000e+00 7.000e+00 0.000e+00
  0.000e+00 0.000e+00 0.000e+00 0.000e+00 0.000e+00 0.000e+00 0.000e+00
  0.000e+00 1.000e+00 0.000e+00 2.520e+02 2.000e+00 5.000e+00 3.000e+00
  7.000e+00]
 [0.000e+00 0.000e+00 0.000e+00 6.000e+00 0.000e+00 0.000e+00 0.000e+00
  0.000e+00 0.000e+00 0.000e+00 0.000e+00 0.000e+00 0.000e+00 0.000e+00
  0.000e+00 0.000e+00 2.000e+00 0.000e+00 0.000e+00 1.000e+00 0.000e+00
  0.000e+00 0.000e+00 0.000e+00 3.990e+02 0.000e+00 0.000e+00 0.000e+00
  0.000e+00 0.000e+00 0.000e+00 0.000e+00 0.000e+00 0.000e+00 0.000e+00
  0.000e+00 0.000e+00 0.000e+00 0.000e+00 0.000e+00 0.000e+00 0.000e+00
  0.000e+00]
 [0.000e+00 0.000e+00 3.000e+00 9.000e+00 0.000e+00 0.000e+00 1.000e+00
  0.000e+00 1.000e+00 2.000e+00 1.000e+00 5.000e+00 1.000e+00 6.000e+00
  2.900e+01 0.000e+00 4.000e+00 0.000e+00 2.000e+00 2.000e+00 0.000e+00
  2.000e+00 4.000e+00 0.000e+00 3.000e+00 7.670e+02 0.000e+00 0.000e+00
  0.000e+00 0.000e+00 0.000e+00 0.000e+00 0.000e+00 0.000e+00 0.000e+00
  0.000e+00 0.000e+00 0.000e+00 1.000e+00 0.000e+00 1.000e+00 0.000e+00
  0.000e+00]
 [0.000e+00 1.000e+00 0.000e+00 1.000e+00 0.000e+00 0.000e+00 0.000e+00
  0.000e+00 0.000e+00 0.000e+00 0.000e+00 0.000e+00 1.000e+00 0.000e+00
  0.000e+00 0.000e+00 0.000e+00 0.000e+00 0.000e+00 0.000e+00 0.000e+00
  0.000e+00 0.000e+00 0.000e+00 0.000e+00 0.000e+00 2.280e+02 0.000e+00
  0.000e+00 0.000e+00 0.000e+00 0.000e+00 1.000e+00 0.000e+00 0.000e+00
  0.000e+00 0.000e+00 0.000e+00 0.000e+00 0.000e+00 0.000e+00 0.000e+00
  0.000e+00]
 [0.000e+00 0.000e+00 0.000e+00 0.000e+00 0.000e+00 0.000e+00 0.000e+00
  0.000e+00 0.000e+00 0.000e+00 0.000e+00 0.000e+00 0.000e+00 0.000e+00
  0.000e+00 0.000e+00 0.000e+00 0.000e+00 0.000e+00 0.000e+00 0.000e+00
  0.000e+00 0.000e+00 0.000e+00 0.000e+00 0.000e+00 0.000e+00 6.690e+02
  0.000e+00 0.000e+00 0.000e+00 0.000e+00 0.000e+00 0.000e+00 0.000e+00
  1.000e+00 0.000e+00 0.000e+00 0.000e+00 0.000e+00 0.000e+00 0.000e+00
  0.000e+00]
 [0.000e+00 0.000e+00 0.000e+00 0.000e+00 0.000e+00 0.000e+00 0.000e+00
  0.000e+00 0.000e+00 0.000e+00 0.000e+00 0.000e+00 0.000e+00 0.000e+00
  0.000e+00 0.000e+00 0.000e+00 0.000e+00 0.000e+00 0.000e+00 0.000e+00
  0.000e+00 0.000e+00 0.000e+00 0.000e+00 0.000e+00 0.000e+00 0.000e+00
  3.690e+02 0.000e+00 0.000e+00 0.000e+00 0.000e+00 0.000e+00 0.000e+00
  0.000e+00 0.000e+00 0.000e+00 0.000e+00 0.000e+00 0.000e+00 0.000e+00
  0.000e+00]
 [0.000e+00 0.000e+00 0.000e+00 0.000e+00 0.000e+00 0.000e+00 0.000e+00
  0.000e+00 0.000e+00 0.000e+00 0.000e+00 0.000e+00 0.000e+00 0.000e+00
  0.000e+00 0.000e+00 0.000e+00 0.000e+00 1.000e+00 0.000e+00 0.000e+00
  0.000e+00 0.000e+00 0.000e+00 0.000e+00 0.000e+00 0.000e+00 3.000e+00
  3.100e+01 1.197e+03 5.000e+00 0.000e+00 1.000e+00 2.000e+00 0.000e+00
  2.000e+00 1.000e+00 0.000e+00 0.000e+00 1.000e+00 0.000e+00 0.000e+00
  0.000e+00]
 [0.000e+00 0.000e+00 0.000e+00 0.000e+00 0.000e+00 0.000e+00 0.000e+00
  0.000e+00 0.000e+00 0.000e+00 0.000e+00 0.000e+00 0.000e+00 0.000e+00
  0.000e+00 0.000e+00 0.000e+00 0.000e+00 0.000e+00 2.000e+00 0.000e+00
  0.000e+00 0.000e+00 0.000e+00 0.000e+00 0.000e+00 0.000e+00 0.000e+00
  1.000e+00 1.000e+00 3.850e+02 0.000e+00 1.000e+00 0.000e+00 0.000e+00
  0.000e+00 1.000e+00 0.000e+00 0.000e+00 0.000e+00 0.000e+00 0.000e+00
  0.000e+00]
 [0.000e+00 0.000e+00 0.000e+00 0.000e+00 0.000e+00 0.000e+00 0.000e+00
  0.000e+00 0.000e+00 0.000e+00 0.000e+00 0.000e+00 0.000e+00 0.000e+00
  0.000e+00 0.000e+00 0.000e+00 0.000e+00 0.000e+00 0.000e+00 0.000e+00
  0.000e+00 0.000e+00 0.000e+00 0.000e+00 0.000e+00 0.000e+00 0.000e+00
  0.000e+00 0.000e+00 0.000e+00 1.960e+02 0.000e+00 0.000e+00 0.000e+00
  2.000e+00 0.000e+00 0.000e+00 0.000e+00 0.000e+00 0.000e+00 0.000e+00
  0.000e+00]
 [0.000e+00 0.000e+00 0.000e+00 0.000e+00 0.000e+00 0.000e+00 0.000e+00
  0.000e+00 0.000e+00 0.000e+00 0.000e+00 0.000e+00 0.000e+00 0.000e+00
  0.000e+00 0.000e+00 0.000e+00 1.000e+00 0.000e+00 0.000e+00 0.000e+00
  0.000e+00 0.000e+00 0.000e+00 0.000e+00 0.000e+00 0.000e+00 0.000e+00
  1.800e+01 0.000e+00 0.000e+00 1.000e+00 2.060e+03 0.000e+00 0.000e+00
  0.000e+00 0.000e+00 0.000e+00 0.000e+00 0.000e+00 0.000e+00 0.000e+00
  0.000e+00]
 [0.000e+00 0.000e+00 1.000e+00 0.000e+00 0.000e+00 1.000e+00 0.000e+00
  0.000e+00 0.000e+00 0.000e+00 0.000e+00 0.000e+00 0.000e+00 0.000e+00
  0.000e+00 0.000e+00 0.000e+00 0.000e+00 0.000e+00 0.000e+00 0.000e+00
  0.000e+00 0.000e+00 0.000e+00 0.000e+00 0.000e+00 0.000e+00 1.700e+01
  0.000e+00 1.000e+00 0.000e+00 1.300e+01 3.000e+00 2.980e+02 0.000e+00
  1.900e+01 1.000e+00 2.000e+00 2.000e+00 0.000e+00 0.000e+00 0.000e+00
  0.000e+00]
 [1.000e+01 1.790e+02 4.000e+00 2.000e+00 3.000e+00 7.000e+00 0.000e+00
  1.300e+01 0.000e+00 4.000e+00 6.000e+00 0.000e+00 7.200e+01 1.000e+00
  0.000e+00 0.000e+00 0.000e+00 5.000e+00 0.000e+00 3.000e+00 0.000e+00
  0.000e+00 0.000e+00 6.000e+00 0.000e+00 0.000e+00 2.000e+00 0.000e+00
  1.000e+00 0.000e+00 0.000e+00 0.000e+00 2.000e+00 0.000e+00 1.972e+03
  0.000e+00 0.000e+00 0.000e+00 6.700e+01 0.000e+00 1.200e+01 4.600e+01
  4.000e+00]
 [0.000e+00 0.000e+00 0.000e+00 0.000e+00 0.000e+00 0.000e+00 0.000e+00
  0.000e+00 0.000e+00 0.000e+00 0.000e+00 0.000e+00 1.000e+00 0.000e+00
  0.000e+00 0.000e+00 0.000e+00 0.000e+00 0.000e+00 0.000e+00 0.000e+00
  0.000e+00 0.000e+00 0.000e+00 0.000e+00 0.000e+00 0.000e+00 0.000e+00
  0.000e+00 1.000e+00 0.000e+00 0.000e+00 1.000e+00 0.000e+00 0.000e+00
  3.350e+02 0.000e+00 0.000e+00 0.000e+00 0.000e+00 0.000e+00 0.000e+00
  0.000e+00]
 [0.000e+00 0.000e+00 0.000e+00 0.000e+00 0.000e+00 0.000e+00 0.000e+00
  0.000e+00 0.000e+00 0.000e+00 0.000e+00 0.000e+00 0.000e+00 0.000e+00
  0.000e+00 0.000e+00 0.000e+00 0.000e+00 0.000e+00 0.000e+00 0.000e+00
  0.000e+00 0.000e+00 0.000e+00 0.000e+00 0.000e+00 0.000e+00 0.000e+00
  0.000e+00 0.000e+00 0.000e+00 0.000e+00 0.000e+00 0.000e+00 0.000e+00
  0.000e+00 2.290e+02 0.000e+00 0.000e+00 0.000e+00 0.000e+00 0.000e+00
  0.000e+00]
 [0.000e+00 0.000e+00 1.600e+01 0.000e+00 2.000e+00 0.000e+00 0.000e+00
  0.000e+00 5.000e+00 0.000e+00 0.000e+00 0.000e+00 0.000e+00 0.000e+00
  0.000e+00 0.000e+00 0.000e+00 0.000e+00 0.000e+00 0.000e+00 0.000e+00
  1.000e+00 0.000e+00 2.000e+00 0.000e+00 0.000e+00 0.000e+00 0.000e+00
  0.000e+00 0.000e+00 0.000e+00 0.000e+00 0.000e+00 0.000e+00 0.000e+00
  0.000e+00 6.000e+00 2.370e+02 1.000e+00 6.000e+00 0.000e+00 0.000e+00
  0.000e+00]
 [0.000e+00 9.000e+00 3.000e+00 0.000e+00 0.000e+00 0.000e+00 0.000e+00
  0.000e+00 0.000e+00 0.000e+00 1.000e+00 0.000e+00 2.900e+01 0.000e+00
  0.000e+00 0.000e+00 0.000e+00 0.000e+00 2.000e+00 0.000e+00 0.000e+00
  0.000e+00 0.000e+00 5.000e+00 0.000e+00 0.000e+00 0.000e+00 0.000e+00
  0.000e+00 0.000e+00 0.000e+00 0.000e+00 0.000e+00 0.000e+00 0.000e+00
  0.000e+00 0.000e+00 0.000e+00 1.421e+03 0.000e+00 2.000e+00 5.000e+00
  0.000e+00]
 [0.000e+00 1.000e+00 0.000e+00 0.000e+00 2.000e+00 0.000e+00 0.000e+00
  0.000e+00 0.000e+00 0.000e+00 0.000e+00 0.000e+00 0.000e+00 0.000e+00
  0.000e+00 0.000e+00 0.000e+00 0.000e+00 0.000e+00 0.000e+00 0.000e+00
  0.000e+00 0.000e+00 0.000e+00 0.000e+00 0.000e+00 0.000e+00 0.000e+00
  0.000e+00 0.000e+00 0.000e+00 0.000e+00 0.000e+00 0.000e+00 0.000e+00
  0.000e+00 1.000e+00 0.000e+00 1.000e+00 4.100e+02 0.000e+00 0.000e+00
  0.000e+00]
 [1.000e+00 1.700e+01 0.000e+00 0.000e+00 1.000e+00 0.000e+00 2.000e+00
  0.000e+00 0.000e+00 0.000e+00 0.000e+00 0.000e+00 1.800e+01 0.000e+00
  0.000e+00 0.000e+00 0.000e+00 0.000e+00 0.000e+00 0.000e+00 0.000e+00
  0.000e+00 0.000e+00 1.000e+00 0.000e+00 0.000e+00 3.000e+00 0.000e+00
  0.000e+00 0.000e+00 0.000e+00 0.000e+00 0.000e+00 0.000e+00 0.000e+00
  0.000e+00 0.000e+00 0.000e+00 6.200e+01 0.000e+00 1.401e+03 5.500e+01
  2.000e+00]
 [2.000e+00 1.000e+00 0.000e+00 0.000e+00 0.000e+00 0.000e+00 3.000e+00
  0.000e+00 0.000e+00 5.000e+00 1.000e+00 0.000e+00 3.000e+00 2.000e+00
  0.000e+00 0.000e+00 0.000e+00 2.000e+00 0.000e+00 1.000e+00 0.000e+00
  0.000e+00 0.000e+00 3.000e+00 0.000e+00 3.000e+00 0.000e+00 0.000e+00
  0.000e+00 0.000e+00 0.000e+00 0.000e+00 0.000e+00 0.000e+00 7.000e+00
  0.000e+00 0.000e+00 0.000e+00 9.000e+00 0.000e+00 1.300e+01 1.297e+03
  1.000e+00]
 [0.000e+00 2.000e+00 4.000e+00 2.000e+00 0.000e+00 0.000e+00 0.000e+00
  0.000e+00 1.900e+01 0.000e+00 0.000e+00 2.000e+00 0.000e+00 2.000e+00
  0.000e+00 0.000e+00 1.000e+00 2.000e+00 0.000e+00 1.000e+00 0.000e+00
  0.000e+00 0.000e+00 2.000e+00 0.000e+00 0.000e+00 0.000e+00 0.000e+00
  0.000e+00 0.000e+00 0.000e+00 0.000e+00 0.000e+00 0.000e+00 0.000e+00
  0.000e+00 0.000e+00 0.000e+00 1.000e+00 0.000e+00 0.000e+00 0.000e+00
  1.440e+03]]
  
  
  cm(imcnn_test)
  [[ 53.   0.   0.   0.   0.   0.   0.   0.   0.   0.   0.   0.   0.   0.
    0.   0.   0.   0.   0.   0.   0.   0.   0.   0.   0.   0.   0.   0.
    0.   0.   0.   0.   0.   0.   0.   0.   0.   0.   4.   0.   0.   0.
    0.]
 [  0. 686.   0.   1.   0.   1.   0.   1.   0.   1.   0.   0.  19.   0.
    0.   0.   0.   0.   1.   0.   0.   0.   0.   3.   3.   0.   0.   0.
    0.   0.   0.   0.   0.   0.   6.   0.   0.   0.  36.   4.   6.   0.
    0.]
 [  0.   0. 636.   0.   0.   0.   0.   0.   0.   0.   0.   0.   0.   1.
    0.   0.   0.   0.   3.   0.   0.   0.   0.   0.   0.   0.   0.   0.
    0.   0.   0.   0.   0.   0.   0.   0.   0.   1.   3.   0.   2.   0.
    1.]
 [  0.   0.   0. 387.   0.   0.   0.   0.   0.   0.   2.   0.   0.   2.
    0.   0.   0.   5.  14.   1.   0.   1.   0.   0.  15.   0.   0.   0.
    0.   0.   0.   0.   0.   0.   0.   0.   0.   0.   0.   0.   0.   0.
    0.]
 [  0.   0.   1.   2. 654.   0.   0.   0.   0.   3.   0.   0.   0.   0.
   30.   0.   0.   0.   0.   0.   0.   0.   0.   0.   1.   1.   0.   0.
    0.   3.   0.   0.   0.   2.   0.   1.   0.   6.   0.   0.   0.   0.
    0.]
 [  0.   0.   0.   0.   2. 714.   0.   1.   0.   5.   0.   0.   0.   0.
    0.   0.   0.   0.   1.   0.   0.   0.   0.   1.   0.   0.   0.   0.
    0.   1.   0.   0.   2.   2.   1.   0.   0.   0.   2.   0.   2.   1.
    0.]
 [  0.   0.   0.   0.   2.   0. 267.   0.   0.   5.   0.   0.   0.   0.
    0.   0.   0.   0.   0.   0.   0.   0.   0.   0.   0.   0.   0.   0.
    0.   0.   0.   0.   0.   0.   0.   0.   0.   0.   0.   0.   0.   0.
    0.]
 [  0.   0.   0.   0.   2.   1.   0. 205.   0.   0.   0.   0.   0.   0.
    0.   0.   0.   0.   0.   0.   0.   0.   0.   2.   0.   0.   0.   0.
    0.   0.   0.   0.   0.   0.   0.   0.   0.   0.   0.   0.   8.   0.
    0.]
 [  0.   0.   0.   0.   0.   0.   0.   0. 138.   0.   0.   0.   0.   0.
    0.   0.   0.   0.   0.   0.   0.   0.   0.   0.   0.   0.   0.   0.
    0.   0.   0.   0.   0.   0.   0.   0.   0.   0.   0.   0.   5.   3.
    0.]
 [  0.   1.   0.   0.   0.   0.   0.   0.   0. 311.   0.   0.   0.   0.
    0.   0.   0.   0.   0.   0.   0.   0.   0.   0.   0.   1.   0.   0.
    0.   0.   0.   0.   0.   0.   0.   0.   0.   0.   0.   0.   0.   0.
    0.]
 [  0.   0.   0.  10.   0.   1.   0.   0.   0.   0. 356.   0.   0.   0.
    0.   0.   0.   1.   6.  26.   1.   2.   3.   0.   1.   3.   0.   0.
    0.   0.   0.   0.   0.   0.   0.   0.   0.   0.   0.   0.   0.   0.
    0.]
 [  0.   0.   0.   2.   0.   0.   0.   0.   0.   0.   0.  60.   0.   0.
    2.   0.  13.   0.   1.   0.   0.   0.   0.   0.   0.   0.   0.   0.
    0.   0.   0.   0.   0.   0.   0.   0.   0.   0.   1.   0.   0.   0.
    0.]
 [  0.   9.   0.   0.   0.   0.   0.   1.   0.   1.   1.   0. 719.   0.
    0.   0.   0.   0.   1.   0.   0.   0.   0.  35.   0.   1.   0.   0.
    0.   0.   0.   0.   0.   0.   8.   1.   0.   0.  39.   0.   5.   2.
    0.]
 [  0.   0.   0.   0.   0.   0.   0.   0.   0.   0.   0.   0.   0.  84.
    0.   2.   0.   0.   5.   0.   0.   0.   0.   0.   3.   4.   0.   0.
    0.   0.   0.   0.   0.   0.   0.   0.   0.   0.   1.   0.   0.   0.
    0.]
 [  0.   1.   0.   0.   0.   0.   0.   0.   0.   0.   0.   0.   0.   0.
   52.   0.   1.   0.   2.   0.   0.   0.   0.   0.   1.   3.   0.   0.
    0.   0.   0.   0.   0.   0.   0.   0.   0.   0.   0.   0.   0.   0.
    0.]
 [  0.   0.   0.   0.   0.   0.   0.   0.   0.   0.   0.   0.   0.   0.
    0.  88.   0.   0.   0.   0.   0.   0.   0.   0.   0.   0.   0.   0.
    0.   0.   0.   0.   0.   0.   0.   0.   0.   0.   0.   0.   0.   0.
    0.]
 [  0.   0.   0.   0.   0.   0.   0.   0.   0.   0.   1.   0.   0.   1.
    0.   0. 128.   0.   1.   0.   0.   1.   0.   0.   4.   0.   0.   0.
    0.   0.   0.   0.   0.   0.   0.   0.   0.   0.   1.   0.   0.   0.
    0.]
 [  0.   1.   0.   3.   0.   0.   0.   0.   0.   0.   2.   0.   0.   0.
    0.   1.   0.  83.   5.   3.   0.   4.   6.   0.   1.   0.   0.   0.
    0.   0.   0.   0.   0.   0.   0.   0.   0.   0.   0.   0.   0.   0.
    0.]
 [  0.   0.   0.   0.   0.   0.   0.   0.   0.   0.   1.   0.   0.   0.
    0.  10.   0.   0. 416.   2.   0.   1.   0.   0.   0.   2.   0.   0.
    0.   1.   0.   0.   0.   0.   0.   0.   0.   0.   0.   0.   0.   0.
    0.]
 [  0.   0.   0.   9.   0.   0.   0.   0.   0.   0.  12.   0.   0.   1.
    0.   0.   0.   0.   0. 119.   0.   2.   0.   0.   0.   2.   0.   0.
    0.   0.   0.   0.   0.   0.   0.   0.   0.   0.   0.   0.   0.   0.
    0.]
 [  0.   1.   0.   4.   0.   0.   0.   0.   0.   0.   5.   0.   0.   0.
    0.   0.   0.   0.   0.   4.  59.   2.   0.   0.   0.   0.   0.   0.
    0.   0.   0.   0.   0.   0.   0.   0.   0.   0.   0.   0.   0.   0.
    0.]
 [  0.   0.   0.   0.   0.   0.   0.   0.   0.   0.   2.   0.   0.   0.
    0.  12.   0.   1.   7.  22.   0. 135.   8.   0.   0.   1.   0.   0.
    0.   0.   0.   0.   0.   0.   0.   0.   0.   0.   0.   0.   0.   0.
    0.]
 [  0.   0.   0.   0.   0.   0.   0.   0.   0.   0.   0.   0.   0.   0.
    0.   7.   0.   0.   0.   1.   0.   1.  72.   1.   0.   0.   0.   0.
    0.   0.   0.   0.   0.   0.   0.   0.   0.   0.   0.   0.   0.   0.
    0.]
 [  1.   0.  11.   0.   0.   0.   3.   1.   2.   0.   0.   0.   4.   0.
    0.   0.   0.   0.   1.   0.   0.   0.   0. 394.   0.   1.   0.   0.
    0.   0.   0.   0.   6.   0.   2.   0.   0.   0.  22.   0.   3.  17.
    0.]
 [  0.   0.   0.   2.   0.   0.   0.   0.   0.   0.   5.   0.   0.   1.
    0.   0.   6.   0.  10.   0.   0.   0.   1.   0. 119.   2.   0.   0.
    0.   0.   0.   0.   0.   0.   0.   0.   0.   0.   0.   0.   0.   0.
    0.]
 [  0.   0.   1.   0.   0.   0.   0.   0.   0.   0.   2.   0.   0.   0.
    6.   0.   2.   0.   1.   0.   0.   1.   0.   0.   0. 249.   0.   0.
    0.   0.   0.   0.   0.   0.   0.   0.   0.   0.   0.   0.   0.   0.
    0.]
 [  0.   1.   0.   0.  19.   1.   0.   0.   0.  23.   0.   0.   0.   0.
    0.   0.   0.   0.   0.   0.   0.   0.   0.   0.   0.   0.  57.   0.
    0.   8.   0.   0.   8.   9.   1.   0.   0.   1.   0.   0.   0.   0.
    0.]
 [  0.   0.   0.   0.   1.   0.   0.   0.   0.   0.   0.   0.   0.   0.
    0.   0.   0.   0.   0.   0.   0.   0.   0.   0.   0.   0.   0. 202.
    0.   4.   0.   0.   0.   0.   0.   0.   0.   0.   0.   4.   0.   0.
    0.]
 [  0.   0.   0.   0.   0.   0.   0.   0.   0.   0.   0.   0.   0.   0.
    0.   0.   0.   0.   0.   0.   0.   0.   0.   0.   0.   0.   0.   0.
  110.   0.   0.   0.   0.   1.   0.   1.   0.   0.   0.   0.   0.   0.
    0.]
 [  0.   1.   0.   0.   0.   0.   0.   0.   0.   0.   0.   0.   0.   0.
    0.   0.   0.   0.   0.   0.   0.   0.   0.   0.   0.   0.   0.   3.
    0. 364.   0.  11.   0.   0.   0.   0.   0.   0.   0.   0.   0.   0.
    0.]
 [  0.   0.   0.   0.   0.   0.   0.   0.   0.   0.   0.   0.   0.   0.
    0.   0.   0.   0.   0.   0.   0.   0.   0.   0.   0.   0.   0.   0.
    1.   1. 114.   0.   2.   1.   0.   1.   0.   2.   0.   0.   0.   0.
    0.]
 [  0.   0.   0.   0.   2.   0.   0.   0.   0.   0.   0.   0.   0.   0.
    0.   0.   0.   0.   0.   0.   0.   0.   0.   0.   0.   0.   0.   2.
    0.   4.   0.  49.   0.   1.   0.   0.   0.   0.   0.   0.   0.   0.
    0.]
 [  0.   0.   0.   0.   1.   0.   0.   0.   0.   5.   0.   0.   0.   0.
    0.   0.   0.   0.   0.   0.   0.   0.   0.   0.   0.   0.   0.   0.
    9.   1.   6.   0. 666.   0.   0.   0.   0.   0.   1.   0.   0.   0.
    0.]
 [  0.   0.   0.   0.   0.   0.   0.   0.   0.   0.   0.   0.   0.   0.
    0.   0.   0.   0.   0.   0.   0.   0.   0.   0.   0.   0.   1.   2.
    0.   0.   0.   0.   0.  67.   0.   0.   0.   0.   0.   1.   0.   0.
    0.]
 [  6.  15.   0.   0.   0.   1.   0.   0.   0.   0.   0.   0.   2.   0.
    0.   0.   0.   0.   0.   0.   0.   0.   0.   8.   0.   0.   0.   0.
    0.   0.   0.   0.   0.   0. 638.   0.   0.   0.  25.   4.   6.  12.
    0.]
 [  0.   3.   0.   0.   4.   0.   0.   0.   0.   2.   0.   0.   1.   0.
    0.   0.   0.   0.   0.   0.   0.   0.   0.   0.   1.   0.   2.   1.
    0.   0.   0.   0.   5.   0.   0.  80.   0.   0.   0.   0.   0.   0.
    0.]
 [  0.   0.   0.   0.   2.   0.   0.   0.   0.   0.   0.   0.   0.   0.
    0.   0.   0.   0.   0.   2.   0.   0.   0.   0.   0.   0.   0.   0.
    0.   2.   0.   0.   0.   4.   0.   0.  48.  24.   0.   3.   0.   0.
    0.]
 [  0.   0.   0.   0.   0.   0.   0.   0.   0.   3.   0.   0.   0.   0.
    0.   0.   0.   0.   0.   0.   0.   0.   0.   0.   0.   0.   0.   0.
    0.   0.   0.   0.   1.   1.   1.   0.   0.  54.   0.   1.   0.   0.
    0.]
 [  0.   0.   1.   0.   0.   0.   0.   0.   2.   0.   0.   0.   2.   0.
    0.   0.   0.   0.   0.   0.   0.   0.   0.   5.   0.   0.   0.   0.
    0.   0.   0.   0.   0.   0.   1.   0.   0.   0. 489.   4.   7.  17.
    0.]
 [  0.   1.   0.   0.   0.   0.   0.   0.   0.   0.   1.   0.   0.   0.
    0.   0.   0.   0.   4.   0.   0.   0.   0.   0.   0.   0.   0.   0.
    0.   1.   0.   0.   0.   2.   0.   1.   0.   1.   1. 125.   0.   1.
    0.]
 [  0.   0.   1.   0.   0.   0.   0.   0.   0.   0.   0.   0.   0.   0.
    0.   0.   0.   0.   0.   0.   0.   0.   0.   0.   0.   0.   0.   0.
    0.   0.   0.   0.   0.   0.   1.   0.   0.   0.   1.   0. 342.   3.
    0.]
 [  0.   0.   0.   0.   0.   0.   0.   0.   0.   0.   0.   0.   2.   0.
    0.   0.   0.   0.   0.   0.   0.   0.   0.   0.   1.   0.   0.   0.
    0.   0.   0.   0.   0.   0.   1.   0.   0.   0.   2.   4.  58. 390.
    0.]
 [  0.   0.   9.   0.   1.   1.   0.   1.   8.   1.   0.   0.   1.   0.
    0.   0.   0.   0.   1.   0.   0.   0.   0.   1.   0.   0.   0.   0.
    0.   0.   0.   0.   0.   0.   0.   5.  12.   1.   2.   0.   6.   4.
  479.]]
  
  
  cm(imcnn_train)
  [[2.000e+02 2.000e+00 0.000e+00 0.000e+00 0.000e+00 0.000e+00 0.000e+00
  0.000e+00 0.000e+00 0.000e+00 0.000e+00 0.000e+00 0.000e+00 0.000e+00
  0.000e+00 0.000e+00 0.000e+00 0.000e+00 0.000e+00 0.000e+00 0.000e+00
  0.000e+00 0.000e+00 0.000e+00 0.000e+00 0.000e+00 0.000e+00 0.000e+00
  0.000e+00 0.000e+00 0.000e+00 0.000e+00 0.000e+00 0.000e+00 0.000e+00
  0.000e+00 0.000e+00 0.000e+00 1.000e+00 0.000e+00 3.000e+00 2.000e+00
  0.000e+00]
 [3.000e+00 2.189e+03 1.000e+00 0.000e+00 0.000e+00 0.000e+00 0.000e+00
  3.000e+00 0.000e+00 0.000e+00 0.000e+00 0.000e+00 4.800e+01 0.000e+00
  0.000e+00 0.000e+00 0.000e+00 0.000e+00 1.000e+00 0.000e+00 0.000e+00
  0.000e+00 0.000e+00 2.000e+00 0.000e+00 1.000e+00 0.000e+00 0.000e+00
  0.000e+00 0.000e+00 0.000e+00 0.000e+00 0.000e+00 0.000e+00 3.000e+00
  0.000e+00 0.000e+00 0.000e+00 7.000e+01 1.000e+00 5.000e+00 1.000e+00
  0.000e+00]
 [1.000e+00 0.000e+00 1.973e+03 0.000e+00 1.000e+00 0.000e+00 0.000e+00
  0.000e+00 0.000e+00 0.000e+00 0.000e+00 0.000e+00 0.000e+00 0.000e+00
  0.000e+00 1.000e+00 1.000e+00 0.000e+00 0.000e+00 0.000e+00 0.000e+00
  0.000e+00 0.000e+00 0.000e+00 0.000e+00 0.000e+00 0.000e+00 0.000e+00
  0.000e+00 0.000e+00 0.000e+00 0.000e+00 0.000e+00 0.000e+00 0.000e+00
  0.000e+00 0.000e+00 0.000e+00 7.000e+00 0.000e+00 2.000e+00 0.000e+00
  0.000e+00]
 [0.000e+00 0.000e+00 0.000e+00 1.289e+03 0.000e+00 0.000e+00 0.000e+00
  0.000e+00 0.000e+00 0.000e+00 0.000e+00 1.000e+00 0.000e+00 3.000e+00
  0.000e+00 0.000e+00 2.000e+00 0.000e+00 3.000e+00 4.000e+00 0.000e+00
  1.000e+00 0.000e+00 0.000e+00 1.000e+01 0.000e+00 0.000e+00 0.000e+00
  0.000e+00 0.000e+00 0.000e+00 0.000e+00 0.000e+00 0.000e+00 0.000e+00
  0.000e+00 0.000e+00 0.000e+00 0.000e+00 0.000e+00 0.000e+00 0.000e+00
  0.000e+00]
 [0.000e+00 0.000e+00 0.000e+00 0.000e+00 2.098e+03 0.000e+00 0.000e+00
  0.000e+00 0.000e+00 1.000e+00 0.000e+00 0.000e+00 0.000e+00 2.000e+00
  0.000e+00 0.000e+00 0.000e+00 0.000e+00 1.000e+00 0.000e+00 0.000e+00
  0.000e+00 1.000e+00 0.000e+00 0.000e+00 0.000e+00 1.000e+00 1.000e+00
  0.000e+00 0.000e+00 0.000e+00 2.000e+00 0.000e+00 0.000e+00 0.000e+00
  1.000e+00 0.000e+00 0.000e+00 0.000e+00 0.000e+00 0.000e+00 0.000e+00
  0.000e+00]
 [0.000e+00 1.000e+00 0.000e+00 0.000e+00 0.000e+00 2.159e+03 0.000e+00
  0.000e+00 0.000e+00 0.000e+00 0.000e+00 0.000e+00 2.000e+00 0.000e+00
  0.000e+00 0.000e+00 0.000e+00 0.000e+00 0.000e+00 0.000e+00 0.000e+00
  0.000e+00 0.000e+00 3.000e+00 0.000e+00 0.000e+00 0.000e+00 0.000e+00
  0.000e+00 0.000e+00 0.000e+00 0.000e+00 4.000e+00 1.000e+00 0.000e+00
  1.000e+00 0.000e+00 0.000e+00 4.000e+00 0.000e+00 3.000e+00 1.000e+00
  1.000e+00]
 [0.000e+00 0.000e+00 0.000e+00 1.000e+00 0.000e+00 0.000e+00 7.790e+02
  0.000e+00 0.000e+00 6.000e+00 0.000e+00 0.000e+00 0.000e+00 0.000e+00
  0.000e+00 0.000e+00 0.000e+00 0.000e+00 0.000e+00 0.000e+00 0.000e+00
  0.000e+00 0.000e+00 0.000e+00 0.000e+00 0.000e+00 0.000e+00 0.000e+00
  0.000e+00 0.000e+00 0.000e+00 0.000e+00 0.000e+00 0.000e+00 0.000e+00
  0.000e+00 0.000e+00 0.000e+00 2.000e+00 0.000e+00 0.000e+00 0.000e+00
  0.000e+00]
 [0.000e+00 0.000e+00 0.000e+00 0.000e+00 0.000e+00 0.000e+00 0.000e+00
  6.230e+02 0.000e+00 0.000e+00 0.000e+00 0.000e+00 0.000e+00 0.000e+00
  0.000e+00 0.000e+00 0.000e+00 0.000e+00 0.000e+00 0.000e+00 0.000e+00
  0.000e+00 0.000e+00 0.000e+00 0.000e+00 0.000e+00 0.000e+00 0.000e+00
  0.000e+00 0.000e+00 0.000e+00 0.000e+00 0.000e+00 0.000e+00 0.000e+00
  0.000e+00 0.000e+00 0.000e+00 1.000e+00 0.000e+00 3.000e+00 1.000e+00
  0.000e+00]
 [0.000e+00 0.000e+00 1.000e+00 0.000e+00 0.000e+00 0.000e+00 0.000e+00
  0.000e+00 4.150e+02 0.000e+00 0.000e+00 0.000e+00 0.000e+00 0.000e+00
  0.000e+00 0.000e+00 0.000e+00 0.000e+00 0.000e+00 0.000e+00 0.000e+00
  0.000e+00 0.000e+00 0.000e+00 0.000e+00 0.000e+00 0.000e+00 0.000e+00
  0.000e+00 0.000e+00 0.000e+00 0.000e+00 0.000e+00 0.000e+00 0.000e+00
  0.000e+00 0.000e+00 0.000e+00 1.000e+00 0.000e+00 2.000e+00 1.000e+00
  0.000e+00]
 [0.000e+00 0.000e+00 0.000e+00 0.000e+00 0.000e+00 0.000e+00 0.000e+00
  0.000e+00 0.000e+00 1.099e+03 0.000e+00 0.000e+00 0.000e+00 0.000e+00
  0.000e+00 0.000e+00 0.000e+00 0.000e+00 0.000e+00 0.000e+00 0.000e+00
  0.000e+00 0.000e+00 0.000e+00 0.000e+00 0.000e+00 0.000e+00 0.000e+00
  0.000e+00 0.000e+00 0.000e+00 0.000e+00 0.000e+00 0.000e+00 0.000e+00
  0.000e+00 0.000e+00 0.000e+00 0.000e+00 0.000e+00 0.000e+00 1.000e+00
  0.000e+00]
 [0.000e+00 0.000e+00 0.000e+00 9.000e+00 0.000e+00 0.000e+00 0.000e+00
  0.000e+00 0.000e+00 0.000e+00 1.196e+03 0.000e+00 0.000e+00 1.000e+00
  0.000e+00 1.000e+00 0.000e+00 0.000e+00 9.000e+00 7.800e+01 9.000e+00
  1.000e+00 0.000e+00 1.000e+00 0.000e+00 1.000e+00 0.000e+00 0.000e+00
  0.000e+00 0.000e+00 0.000e+00 0.000e+00 0.000e+00 0.000e+00 0.000e+00
  0.000e+00 0.000e+00 0.000e+00 3.000e+00 1.000e+00 0.000e+00 0.000e+00
  0.000e+00]
 [0.000e+00 0.000e+00 0.000e+00 4.000e+00 0.000e+00 0.000e+00 0.000e+00
  0.000e+00 0.000e+00 0.000e+00 0.000e+00 2.020e+02 0.000e+00 0.000e+00
  1.000e+00 0.000e+00 3.000e+00 0.000e+00 0.000e+00 0.000e+00 0.000e+00
  0.000e+00 2.000e+00 0.000e+00 0.000e+00 0.000e+00 0.000e+00 0.000e+00
  0.000e+00 0.000e+00 0.000e+00 0.000e+00 0.000e+00 0.000e+00 0.000e+00
  0.000e+00 0.000e+00 0.000e+00 0.000e+00 0.000e+00 0.000e+00 0.000e+00
  0.000e+00]
 [0.000e+00 1.700e+01 0.000e+00 0.000e+00 0.000e+00 0.000e+00 0.000e+00
  0.000e+00 0.000e+00 0.000e+00 0.000e+00 0.000e+00 2.171e+03 1.000e+00
  0.000e+00 0.000e+00 0.000e+00 0.000e+00 0.000e+00 0.000e+00 0.000e+00
  0.000e+00 0.000e+00 2.400e+01 0.000e+00 0.000e+00 0.000e+00 0.000e+00
  0.000e+00 0.000e+00 0.000e+00 0.000e+00 0.000e+00 0.000e+00 6.000e+00
  0.000e+00 0.000e+00 0.000e+00 5.300e+01 0.000e+00 9.000e+00 1.000e+00
  0.000e+00]
 [0.000e+00 0.000e+00 0.000e+00 0.000e+00 0.000e+00 0.000e+00 0.000e+00
  0.000e+00 0.000e+00 0.000e+00 0.000e+00 1.000e+00 0.000e+00 3.330e+02
  0.000e+00 2.000e+00 1.000e+00 0.000e+00 2.000e+00 0.000e+00 0.000e+00
  1.000e+00 0.000e+00 0.000e+00 0.000e+00 0.000e+00 0.000e+00 0.000e+00
  0.000e+00 0.000e+00 0.000e+00 0.000e+00 0.000e+00 0.000e+00 0.000e+00
  0.000e+00 0.000e+00 0.000e+00 0.000e+00 0.000e+00 0.000e+00 0.000e+00
  0.000e+00]
 [0.000e+00 0.000e+00 0.000e+00 1.000e+00 0.000e+00 0.000e+00 0.000e+00
  0.000e+00 0.000e+00 0.000e+00 0.000e+00 2.000e+00 0.000e+00 0.000e+00
  3.240e+02 0.000e+00 0.000e+00 0.000e+00 0.000e+00 0.000e+00 0.000e+00
  0.000e+00 1.000e+00 0.000e+00 2.000e+00 7.000e+00 0.000e+00 0.000e+00
  0.000e+00 0.000e+00 0.000e+00 0.000e+00 0.000e+00 0.000e+00 0.000e+00
  0.000e+00 0.000e+00 0.000e+00 0.000e+00 0.000e+00 0.000e+00 0.000e+00
  0.000e+00]
 [0.000e+00 0.000e+00 0.000e+00 0.000e+00 0.000e+00 0.000e+00 0.000e+00
  0.000e+00 0.000e+00 0.000e+00 0.000e+00 0.000e+00 0.000e+00 0.000e+00
  0.000e+00 3.630e+02 0.000e+00 0.000e+00 0.000e+00 0.000e+00 0.000e+00
  0.000e+00 0.000e+00 0.000e+00 0.000e+00 0.000e+00 0.000e+00 0.000e+00
  0.000e+00 0.000e+00 0.000e+00 0.000e+00 0.000e+00 0.000e+00 0.000e+00
  0.000e+00 0.000e+00 0.000e+00 0.000e+00 0.000e+00 0.000e+00 0.000e+00
  0.000e+00]
 [0.000e+00 0.000e+00 0.000e+00 0.000e+00 0.000e+00 0.000e+00 0.000e+00
  0.000e+00 0.000e+00 0.000e+00 0.000e+00 1.000e+00 0.000e+00 3.000e+00
  0.000e+00 0.000e+00 4.960e+02 0.000e+00 3.000e+00 0.000e+00 0.000e+00
  0.000e+00 0.000e+00 0.000e+00 0.000e+00 2.000e+00 0.000e+00 0.000e+00
  0.000e+00 0.000e+00 0.000e+00 0.000e+00 0.000e+00 0.000e+00 0.000e+00
  0.000e+00 0.000e+00 0.000e+00 0.000e+00 0.000e+00 0.000e+00 0.000e+00
  0.000e+00]
 [0.000e+00 0.000e+00 0.000e+00 2.000e+00 0.000e+00 0.000e+00 0.000e+00
  0.000e+00 0.000e+00 0.000e+00 0.000e+00 1.000e+00 0.000e+00 0.000e+00
  4.000e+00 0.000e+00 0.000e+00 2.690e+02 1.000e+00 5.000e+00 2.000e+00
  2.000e+00 1.000e+01 0.000e+00 0.000e+00 0.000e+00 0.000e+00 0.000e+00
  0.000e+00 0.000e+00 0.000e+00 0.000e+00 0.000e+00 0.000e+00 0.000e+00
  0.000e+00 0.000e+00 0.000e+00 0.000e+00 0.000e+00 0.000e+00 0.000e+00
  0.000e+00]
 [0.000e+00 0.000e+00 0.000e+00 1.000e+00 0.000e+00 0.000e+00 0.000e+00
  0.000e+00 0.000e+00 0.000e+00 0.000e+00 0.000e+00 0.000e+00 5.000e+00
  0.000e+00 1.300e+01 0.000e+00 0.000e+00 1.463e+03 0.000e+00 0.000e+00
  0.000e+00 0.000e+00 0.000e+00 0.000e+00 4.000e+00 0.000e+00 0.000e+00
  1.000e+00 0.000e+00 0.000e+00 0.000e+00 0.000e+00 0.000e+00 0.000e+00
  0.000e+00 0.000e+00 0.000e+00 1.000e+00 0.000e+00 0.000e+00 0.000e+00
  0.000e+00]
 [0.000e+00 0.000e+00 0.000e+00 3.000e+00 0.000e+00 0.000e+00 0.000e+00
  0.000e+00 0.000e+00 0.000e+00 2.000e+00 0.000e+00 0.000e+00 1.000e+00
  0.000e+00 0.000e+00 0.000e+00 1.000e+00 0.000e+00 5.070e+02 0.000e+00
  2.000e+00 0.000e+00 0.000e+00 0.000e+00 0.000e+00 0.000e+00 0.000e+00
  0.000e+00 0.000e+00 0.000e+00 0.000e+00 0.000e+00 0.000e+00 0.000e+00
  0.000e+00 0.000e+00 0.000e+00 0.000e+00 0.000e+00 0.000e+00 0.000e+00
  0.000e+00]
 [0.000e+00 0.000e+00 0.000e+00 8.000e+00 0.000e+00 0.000e+00 0.000e+00
  0.000e+00 0.000e+00 0.000e+00 1.000e+00 0.000e+00 0.000e+00 0.000e+00
  0.000e+00 0.000e+00 0.000e+00 0.000e+00 0.000e+00 5.000e+00 2.290e+02
  0.000e+00 0.000e+00 0.000e+00 0.000e+00 0.000e+00 0.000e+00 0.000e+00
  0.000e+00 0.000e+00 0.000e+00 0.000e+00 0.000e+00 0.000e+00 0.000e+00
  0.000e+00 0.000e+00 0.000e+00 0.000e+00 0.000e+00 0.000e+00 0.000e+00
  0.000e+00]
 [0.000e+00 0.000e+00 0.000e+00 2.000e+00 0.000e+00 0.000e+00 0.000e+00
  0.000e+00 0.000e+00 0.000e+00 0.000e+00 1.000e+00 0.000e+00 4.000e+00
  0.000e+00 5.000e+00 1.000e+00 0.000e+00 1.000e+00 1.000e+00 0.000e+00
  5.310e+02 0.000e+00 0.000e+00 0.000e+00 0.000e+00 0.000e+00 0.000e+00
  0.000e+00 0.000e+00 0.000e+00 0.000e+00 1.000e+00 0.000e+00 0.000e+00
  0.000e+00 0.000e+00 0.000e+00 0.000e+00 0.000e+00 1.000e+00 0.000e+00
  0.000e+00]
 [0.000e+00 0.000e+00 0.000e+00 0.000e+00 0.000e+00 0.000e+00 0.000e+00
  0.000e+00 0.000e+00 0.000e+00 0.000e+00 0.000e+00 0.000e+00 1.000e+00
  1.000e+00 5.000e+00 1.000e+00 0.000e+00 1.000e+00 0.000e+00 0.000e+00
  0.000e+00 2.550e+02 0.000e+00 0.000e+00 0.000e+00 0.000e+00 0.000e+00
  0.000e+00 0.000e+00 0.000e+00 0.000e+00 0.000e+00 0.000e+00 0.000e+00
  0.000e+00 0.000e+00 0.000e+00 1.000e+00 0.000e+00 0.000e+00 0.000e+00
  0.000e+00]
 [1.000e+00 2.000e+00 2.000e+00 0.000e+00 0.000e+00 1.000e+00 1.000e+00
  1.000e+00 0.000e+00 1.000e+00 0.000e+00 0.000e+00 7.000e+00 1.000e+00
  0.000e+00 0.000e+00 2.000e+00 0.000e+00 0.000e+00 0.000e+00 0.000e+00
  0.000e+00 0.000e+00 1.360e+03 0.000e+00 2.000e+00 0.000e+00 0.000e+00
  2.000e+00 0.000e+00 0.000e+00 0.000e+00 2.000e+00 0.000e+00 0.000e+00
  0.000e+00 0.000e+00 0.000e+00 4.100e+01 0.000e+00 0.000e+00 6.000e+00
  0.000e+00]
 [0.000e+00 0.000e+00 0.000e+00 0.000e+00 0.000e+00 0.000e+00 0.000e+00
  0.000e+00 0.000e+00 0.000e+00 0.000e+00 0.000e+00 0.000e+00 3.000e+00
  0.000e+00 0.000e+00 1.000e+00 0.000e+00 1.400e+01 0.000e+00 0.000e+00
  0.000e+00 1.000e+00 0.000e+00 4.380e+02 2.000e+00 0.000e+00 0.000e+00
  0.000e+00 0.000e+00 0.000e+00 0.000e+00 0.000e+00 0.000e+00 0.000e+00
  0.000e+00 0.000e+00 0.000e+00 0.000e+00 0.000e+00 0.000e+00 0.000e+00
  0.000e+00]
 [1.000e+00 0.000e+00 0.000e+00 0.000e+00 0.000e+00 0.000e+00 0.000e+00
  0.000e+00 0.000e+00 0.000e+00 1.000e+00 1.000e+00 0.000e+00 1.000e+00
  0.000e+00 0.000e+00 2.000e+00 0.000e+00 1.000e+00 0.000e+00 0.000e+00
  1.000e+00 0.000e+00 0.000e+00 0.000e+00 7.600e+02 0.000e+00 0.000e+00
  0.000e+00 0.000e+00 0.000e+00 0.000e+00 0.000e+00 0.000e+00 0.000e+00
  0.000e+00 0.000e+00 0.000e+00 0.000e+00 0.000e+00 0.000e+00 0.000e+00
  0.000e+00]
 [0.000e+00 0.000e+00 0.000e+00 0.000e+00 0.000e+00 0.000e+00 0.000e+00
  1.000e+00 0.000e+00 0.000e+00 0.000e+00 0.000e+00 2.000e+00 0.000e+00
  0.000e+00 0.000e+00 0.000e+00 0.000e+00 0.000e+00 0.000e+00 0.000e+00
  0.000e+00 0.000e+00 1.000e+00 0.000e+00 0.000e+00 2.360e+02 3.000e+00
  0.000e+00 0.000e+00 0.000e+00 0.000e+00 1.000e+00 0.000e+00 0.000e+00
  0.000e+00 0.000e+00 4.000e+00 0.000e+00 0.000e+00 0.000e+00 0.000e+00
  0.000e+00]
 [0.000e+00 0.000e+00 0.000e+00 0.000e+00 0.000e+00 0.000e+00 0.000e+00
  0.000e+00 0.000e+00 0.000e+00 0.000e+00 0.000e+00 0.000e+00 0.000e+00
  0.000e+00 0.000e+00 0.000e+00 0.000e+00 0.000e+00 0.000e+00 0.000e+00
  0.000e+00 0.000e+00 0.000e+00 0.000e+00 0.000e+00 0.000e+00 6.770e+02
  0.000e+00 1.000e+00 0.000e+00 0.000e+00 0.000e+00 2.000e+00 0.000e+00
  2.000e+00 0.000e+00 0.000e+00 0.000e+00 0.000e+00 0.000e+00 0.000e+00
  0.000e+00]
 [0.000e+00 0.000e+00 0.000e+00 0.000e+00 0.000e+00 0.000e+00 0.000e+00
  0.000e+00 0.000e+00 0.000e+00 0.000e+00 0.000e+00 0.000e+00 0.000e+00
  0.000e+00 0.000e+00 0.000e+00 0.000e+00 0.000e+00 0.000e+00 0.000e+00
  0.000e+00 0.000e+00 0.000e+00 0.000e+00 0.000e+00 0.000e+00 0.000e+00
  3.830e+02 1.000e+00 0.000e+00 0.000e+00 0.000e+00 1.000e+00 0.000e+00
  0.000e+00 0.000e+00 0.000e+00 0.000e+00 0.000e+00 0.000e+00 0.000e+00
  0.000e+00]
 [0.000e+00 0.000e+00 0.000e+00 0.000e+00 0.000e+00 0.000e+00 0.000e+00
  0.000e+00 0.000e+00 0.000e+00 0.000e+00 0.000e+00 0.000e+00 0.000e+00
  0.000e+00 0.000e+00 0.000e+00 0.000e+00 0.000e+00 0.000e+00 0.000e+00
  0.000e+00 0.000e+00 0.000e+00 0.000e+00 0.000e+00 0.000e+00 6.000e+00
  1.200e+01 1.195e+03 0.000e+00 1.000e+00 1.000e+00 2.000e+00 0.000e+00
  0.000e+00 0.000e+00 0.000e+00 0.000e+00 0.000e+00 0.000e+00 0.000e+00
  0.000e+00]
 [0.000e+00 0.000e+00 0.000e+00 0.000e+00 0.000e+00 0.000e+00 0.000e+00
  0.000e+00 0.000e+00 0.000e+00 0.000e+00 0.000e+00 0.000e+00 0.000e+00
  0.000e+00 0.000e+00 0.000e+00 0.000e+00 0.000e+00 0.000e+00 0.000e+00
  0.000e+00 0.000e+00 0.000e+00 0.000e+00 0.000e+00 0.000e+00 1.000e+00
  0.000e+00 2.000e+00 3.900e+02 0.000e+00 2.000e+00 1.000e+00 0.000e+00
  0.000e+00 0.000e+00 0.000e+00 0.000e+00 0.000e+00 0.000e+00 0.000e+00
  0.000e+00]
 [0.000e+00 0.000e+00 0.000e+00 0.000e+00 0.000e+00 0.000e+00 0.000e+00
  0.000e+00 0.000e+00 0.000e+00 0.000e+00 0.000e+00 0.000e+00 0.000e+00
  0.000e+00 0.000e+00 0.000e+00 0.000e+00 0.000e+00 0.000e+00 0.000e+00
  0.000e+00 0.000e+00 0.000e+00 0.000e+00 0.000e+00 0.000e+00 0.000e+00
  0.000e+00 0.000e+00 0.000e+00 2.060e+02 0.000e+00 0.000e+00 0.000e+00
  0.000e+00 0.000e+00 0.000e+00 0.000e+00 0.000e+00 0.000e+00 0.000e+00
  0.000e+00]
 [0.000e+00 0.000e+00 0.000e+00 0.000e+00 0.000e+00 0.000e+00 0.000e+00
  0.000e+00 0.000e+00 0.000e+00 0.000e+00 0.000e+00 1.000e+00 0.000e+00
  0.000e+00 0.000e+00 0.000e+00 0.000e+00 0.000e+00 0.000e+00 0.000e+00
  0.000e+00 0.000e+00 0.000e+00 0.000e+00 0.000e+00 0.000e+00 0.000e+00
  1.100e+01 0.000e+00 0.000e+00 0.000e+00 2.055e+03 4.000e+00 0.000e+00
  2.000e+00 1.000e+00 0.000e+00 0.000e+00 0.000e+00 1.000e+00 0.000e+00
  0.000e+00]
 [0.000e+00 0.000e+00 0.000e+00 0.000e+00 0.000e+00 0.000e+00 0.000e+00
  0.000e+00 0.000e+00 0.000e+00 0.000e+00 0.000e+00 0.000e+00 0.000e+00
  0.000e+00 0.000e+00 0.000e+00 0.000e+00 0.000e+00 0.000e+00 0.000e+00
  0.000e+00 0.000e+00 0.000e+00 0.000e+00 0.000e+00 0.000e+00 1.000e+00
  1.000e+00 0.000e+00 0.000e+00 1.000e+00 3.000e+00 2.890e+02 0.000e+00
  0.000e+00 0.000e+00 0.000e+00 0.000e+00 0.000e+00 0.000e+00 0.000e+00
  0.000e+00]
 [4.000e+00 9.000e+00 0.000e+00 0.000e+00 0.000e+00 0.000e+00 0.000e+00
  2.000e+00 0.000e+00 0.000e+00 0.000e+00 0.000e+00 6.000e+00 0.000e+00
  0.000e+00 0.000e+00 0.000e+00 0.000e+00 0.000e+00 0.000e+00 0.000e+00
  1.000e+00 0.000e+00 3.000e+00 0.000e+00 0.000e+00 1.000e+00 0.000e+00
  0.000e+00 0.000e+00 0.000e+00 0.000e+00 0.000e+00 0.000e+00 1.965e+03
  0.000e+00 0.000e+00 0.000e+00 1.400e+01 0.000e+00 4.000e+00 1.000e+01
  0.000e+00]
 [0.000e+00 0.000e+00 0.000e+00 0.000e+00 0.000e+00 0.000e+00 0.000e+00
  0.000e+00 0.000e+00 0.000e+00 0.000e+00 0.000e+00 0.000e+00 0.000e+00
  0.000e+00 0.000e+00 0.000e+00 0.000e+00 0.000e+00 0.000e+00 0.000e+00
  0.000e+00 0.000e+00 0.000e+00 0.000e+00 0.000e+00 0.000e+00 0.000e+00
  3.000e+00 1.000e+00 0.000e+00 0.000e+00 0.000e+00 0.000e+00 0.000e+00
  3.530e+02 0.000e+00 1.000e+00 0.000e+00 0.000e+00 0.000e+00 0.000e+00
  0.000e+00]
 [0.000e+00 0.000e+00 0.000e+00 0.000e+00 0.000e+00 0.000e+00 0.000e+00
  0.000e+00 0.000e+00 0.000e+00 0.000e+00 0.000e+00 0.000e+00 0.000e+00
  0.000e+00 0.000e+00 0.000e+00 0.000e+00 0.000e+00 0.000e+00 0.000e+00
  0.000e+00 0.000e+00 0.000e+00 0.000e+00 0.000e+00 2.000e+00 0.000e+00
  5.000e+00 0.000e+00 0.000e+00 0.000e+00 0.000e+00 0.000e+00 0.000e+00
  0.000e+00 2.390e+02 2.000e+00 0.000e+00 0.000e+00 0.000e+00 0.000e+00
  0.000e+00]
 [0.000e+00 0.000e+00 9.000e+00 0.000e+00 1.000e+00 0.000e+00 0.000e+00
  0.000e+00 0.000e+00 0.000e+00 0.000e+00 0.000e+00 0.000e+00 0.000e+00
  0.000e+00 0.000e+00 0.000e+00 0.000e+00 0.000e+00 0.000e+00 0.000e+00
  0.000e+00 0.000e+00 0.000e+00 0.000e+00 1.000e+00 0.000e+00 0.000e+00
  0.000e+00 0.000e+00 0.000e+00 0.000e+00 1.000e+00 0.000e+00 0.000e+00
  0.000e+00 0.000e+00 2.330e+02 0.000e+00 2.000e+00 0.000e+00 0.000e+00
  0.000e+00]
 [0.000e+00 0.000e+00 0.000e+00 0.000e+00 0.000e+00 0.000e+00 0.000e+00
  0.000e+00 0.000e+00 0.000e+00 0.000e+00 0.000e+00 5.000e+00 0.000e+00
  0.000e+00 0.000e+00 0.000e+00 0.000e+00 0.000e+00 0.000e+00 0.000e+00
  0.000e+00 0.000e+00 1.400e+01 0.000e+00 0.000e+00 0.000e+00 0.000e+00
  0.000e+00 0.000e+00 0.000e+00 0.000e+00 0.000e+00 0.000e+00 0.000e+00
  0.000e+00 0.000e+00 0.000e+00 1.644e+03 0.000e+00 1.200e+01 8.000e+00
  1.000e+00]
 [0.000e+00 0.000e+00 0.000e+00 0.000e+00 0.000e+00 0.000e+00 0.000e+00
  0.000e+00 0.000e+00 0.000e+00 0.000e+00 0.000e+00 0.000e+00 1.000e+00
  0.000e+00 0.000e+00 0.000e+00 0.000e+00 0.000e+00 0.000e+00 0.000e+00
  0.000e+00 0.000e+00 0.000e+00 0.000e+00 0.000e+00 0.000e+00 0.000e+00
  2.000e+00 0.000e+00 0.000e+00 0.000e+00 0.000e+00 0.000e+00 0.000e+00
  0.000e+00 0.000e+00 0.000e+00 2.000e+00 4.160e+02 0.000e+00 0.000e+00
  0.000e+00]
 [0.000e+00 0.000e+00 0.000e+00 0.000e+00 0.000e+00 0.000e+00 0.000e+00
  0.000e+00 0.000e+00 0.000e+00 0.000e+00 0.000e+00 2.000e+00 0.000e+00
  0.000e+00 0.000e+00 0.000e+00 0.000e+00 0.000e+00 0.000e+00 0.000e+00
  0.000e+00 0.000e+00 0.000e+00 0.000e+00 0.000e+00 0.000e+00 0.000e+00
  0.000e+00 0.000e+00 0.000e+00 0.000e+00 0.000e+00 0.000e+00 1.000e+00
  0.000e+00 0.000e+00 0.000e+00 2.000e+00 0.000e+00 1.315e+03 4.000e+00
  1.000e+00]
 [0.000e+00 0.000e+00 0.000e+00 0.000e+00 0.000e+00 0.000e+00 0.000e+00
  0.000e+00 0.000e+00 0.000e+00 0.000e+00 0.000e+00 2.000e+00 0.000e+00
  0.000e+00 0.000e+00 0.000e+00 0.000e+00 0.000e+00 0.000e+00 0.000e+00
  0.000e+00 0.000e+00 1.000e+00 0.000e+00 0.000e+00 0.000e+00 0.000e+00
  0.000e+00 0.000e+00 0.000e+00 0.000e+00 0.000e+00 0.000e+00 5.000e+00
  0.000e+00 0.000e+00 0.000e+00 5.000e+00 0.000e+00 7.700e+01 1.372e+03
  1.000e+00]
 [0.000e+00 0.000e+00 2.400e+01 0.000e+00 0.000e+00 0.000e+00 0.000e+00
  0.000e+00 5.000e+00 3.000e+00 0.000e+00 0.000e+00 4.000e+00 0.000e+00
  0.000e+00 0.000e+00 0.000e+00 0.000e+00 0.000e+00 0.000e+00 0.000e+00
  0.000e+00 0.000e+00 1.000e+00 0.000e+00 0.000e+00 0.000e+00 0.000e+00
  0.000e+00 0.000e+00 0.000e+00 0.000e+00 0.000e+00 0.000e+00 0.000e+00
  1.000e+00 0.000e+00 0.000e+00 8.000e+00 0.000e+00 3.000e+00 2.000e+00
  1.466e+03]]
  
  
